msg_id,sender,receiver,payload_size_B,time_send_ms,time_receive_ms,actual_delay_ms,predicted_delay_ms,sender_average_outgoing_delay_ms,sender_average_incoming_delay_ms,sender_num_messages_sent_simultaneously,receiver_average_outgoing_delay_ms,receiver_average_incoming_delay_ms,receiver_num_messages_sent_simultaneously,network_average_delay_ms,network_num_messages_in_transit,network_num_busy_links,network_num_network_nodes,network_num_messages_sent_simultaneously
msg_0,node4,node0,315,145,197,52.0,,,,4,,,0,,4,4,5,4
msg_1,node4,node1,315,145,203,58.0,,,52.0,4,,,0,52.0,3,3,5,4
msg_2,node4,node2,315,145,214,69.0,,,55.0,4,,,0,55.0,2,2,5,4
msg_3,node4,node3,315,145,225,80.0,,,55.0,4,,,0,55.0,2,2,5,4
msg_4,node4,node0,315,2025,2077,52.0,,,64.75,4,52.0,,0,64.75,4,4,5,4
msg_5,node4,node1,315,2025,2083,58.0,,,62.2,4,58.0,,0,62.2,3,3,5,4
msg_6,node4,node2,315,2025,2094,69.0,,,61.5,4,69.0,,0,61.5,2,2,5,4
msg_7,node4,node3,315,2025,2105,80.0,,,61.5,4,80.0,,0,61.5,2,2,5,4
msg_8,node4,node0,315,3468,3521,53.0,,,64.75,4,52.0,,0,64.75,4,4,5,4
msg_9,node4,node1,315,3468,3527,59.0,,,64.75,4,58.0,,0,64.75,4,4,5,4
msg_10,node4,node2,316,3468,3538,70.0,,,63.0,4,69.0,,0,63.0,2,2,5,4
msg_11,node4,node3,316,3468,3549,81.0,,,63.0,4,80.0,,0,63.0,2,2,5,4
msg_12,node4,node0,316,3761,3815,54.0,,,65.08333333333333,4,52.333333333333336,,0,65.08333333333333,4,4,5,4
msg_13,node4,node1,316,3761,3821,60.0,,,64.23076923076923,4,58.333333333333336,,0,64.23076923076923,3,3,5,4
msg_14,node4,node2,316,3761,3832,71.0,,,64.23076923076923,4,69.33333333333333,,0,64.23076923076923,3,3,5,4
msg_15,node4,node3,316,3761,3843,82.0,,,64.23076923076923,4,80.33333333333333,,0,64.23076923076923,3,3,5,4
msg_16,node4,node0,316,4445,4498,53.0,,,65.5,4,52.75,,0,65.5,4,4,5,4
msg_17,node4,node1,316,4445,4504,59.0,,,64.76470588235294,4,58.75,,0,64.76470588235294,3,3,5,4
msg_18,node4,node2,316,4445,4521,76.0,,,64.44444444444444,4,69.75,,0,64.44444444444444,2,2,5,4
msg_19,node4,node3,316,4445,4526,81.0,,,64.44444444444444,4,80.75,,0,64.44444444444444,2,2,5,4
msg_20,node4,node0,316,5042,5096,54.0,,,65.85,4,52.8,,0,65.85,4,4,5,4
msg_21,node4,node1,316,5042,5102,60.0,,,65.28571428571429,4,58.8,,0,65.28571428571429,3,3,5,4
msg_22,node4,node2,316,5042,5119,77.0,,,65.28571428571429,4,71.0,,0,65.28571428571429,3,3,5,4
msg_23,node4,node3,316,5042,5124,82.0,,,65.56521739130434,4,80.8,,0,65.56521739130434,1,1,5,4
msg_24,node4,node0,316,6098,6151,53.0,,,66.25,4,53.0,,0,66.25,4,4,5,4
msg_25,node4,node1,316,6098,6157,59.0,,,65.72,4,59.0,,0,65.72,3,3,5,4
msg_26,node4,node2,316,6098,6168,70.0,,,65.72,4,72.0,,0,65.72,3,3,5,4
msg_27,node4,node3,316,6098,6179,81.0,,,65.62962962962963,4,81.0,,0,65.62962962962963,1,1,5,4
msg_28,node4,node0,316,7651,7705,54.0,,,66.17857142857143,4,53.0,,0,66.17857142857143,4,4,5,4
msg_29,node4,node1,316,7651,7711,60.0,,,65.75862068965517,4,59.0,,0,65.75862068965517,3,3,5,4
msg_30,node4,node2,316,7651,7728,77.0,,,65.75862068965517,4,71.71428571428571,,0,65.75862068965517,3,3,5,4
msg_31,node4,node3,316,7651,7733,82.0,,,65.75862068965517,4,81.0,,0,65.75862068965517,3,3,5,4
msg_32,node4,node0,316,7751,7799,48.0,,,66.4375,4,53.125,,0,66.4375,8,4,5,4
msg_33,node4,node1,316,7751,7810,59.0,,,66.4375,4,59.125,,0,66.4375,8,4,5,4
msg_34,node4,node2,316,7751,7821,70.0,,,65.67647058823529,4,72.375,,0,65.67647058823529,6,4,5,4
msg_35,node4,node3,316,7751,7865,114.0,,,65.67647058823529,4,81.125,,0,65.67647058823529,6,4,5,4
msg_36,node4,node0,316,7780,7832,52.0,,,65.67647058823529,4,52.55555555555556,,0,65.67647058823529,6,4,5,4
msg_37,node4,node1,316,7780,7843,63.0,,,65.67647058823529,4,59.111111111111114,,0,65.67647058823529,6,4,5,4
msg_38,node4,node2,316,7780,7854,74.0,,,65.67647058823529,4,72.375,,0,65.67647058823529,6,4,5,4
msg_39,node4,node3,316,7780,7876,96.0,,,65.67647058823529,4,81.125,,0,65.67647058823529,6,4,5,4
msg_40,node4,node0,316,9585,9638,53.0,,,67.55,4,52.5,,0,67.55,4,4,5,4
msg_41,node4,node1,316,9585,9644,59.0,,,67.1951219512195,4,59.5,,0,67.1951219512195,3,3,5,4
msg_42,node4,node2,316,9585,9655,70.0,,,67.0,4,72.3,,0,67.0,2,2,5,4
msg_43,node4,node3,316,9585,9666,81.0,,,67.0,4,85.9,,0,67.0,2,2,5,4
msg_44,node4,node0,316,10152,10206,54.0,,,67.38636363636364,4,52.54545454545455,,0,67.38636363636364,4,4,5,4
msg_45,node4,node1,316,10152,10212,60.0,,,67.08888888888889,4,59.45454545454545,,0,67.08888888888889,3,3,5,4
msg_46,node4,node2,316,10152,10223,71.0,,,67.08888888888889,4,72.0909090909091,,0,67.08888888888889,3,3,5,4
msg_47,node4,node3,316,10152,10234,82.0,,,67.08888888888889,4,85.45454545454545,,0,67.08888888888889,3,3,5,4
msg_48,node4,node0,316,11590,11643,53.0,,,67.33333333333333,4,52.666666666666664,,0,67.33333333333333,8,4,5,4
msg_49,node4,node1,316,11590,11654,64.0,,,66.72,4,59.5,,0,66.72,6,3,5,4
msg_50,node4,node2,316,11590,11665,75.0,,,66.72,4,72.0,,0,66.72,6,3,5,4
msg_51,node4,node3,316,11590,11676,86.0,,,66.72,4,85.16666666666667,,0,66.72,6,3,5,4
msg_52,node4,node0,316,11592,11643,51.0,,,67.33333333333333,4,52.666666666666664,,0,67.33333333333333,8,4,5,4
msg_53,node4,node1,316,11592,11654,62.0,,,66.72,4,59.5,,0,66.72,6,3,5,4
msg_54,node4,node2,316,11592,11665,73.0,,,66.72,4,72.0,,0,66.72,6,3,5,4
msg_55,node4,node3,316,11592,11676,84.0,,,66.72,4,85.16666666666667,,0,66.72,6,3,5,4
msg_56,node4,node0,316,12180,12233,53.0,,,67.5,4,52.57142857142857,,0,67.5,4,4,5,4
msg_57,node4,node1,316,12180,12239,59.0,,,67.24561403508773,4,60.0,,0,67.24561403508773,3,3,5,4
msg_58,node4,node2,316,12180,12250,70.0,,,67.10344827586206,4,72.28571428571429,,0,67.10344827586206,2,2,5,4
msg_59,node4,node3,316,12180,12261,81.0,,,67.10344827586206,4,85.14285714285714,,0,67.10344827586206,2,2,5,4
msg_60,node4,node0,316,13460,13513,53.0,,,67.38333333333334,4,52.6,,0,67.38333333333334,4,4,5,4
msg_61,node4,node1,316,13460,13519,59.0,,,67.14754098360656,4,59.93333333333333,,0,67.14754098360656,3,3,5,4
msg_62,node4,node2,316,13460,13530,70.0,,,67.14754098360656,4,72.13333333333334,,0,67.14754098360656,3,3,5,4
msg_63,node4,node3,316,13460,13541,81.0,,,67.14754098360656,4,84.86666666666666,,0,67.14754098360656,3,3,5,4
msg_64,node4,node0,316,13720,13773,,,,67.28125,4,52.625,,0,67.28125,4,4,5,4
msg_65,node4,node1,316,13720,13773,,,,67.28125,4,59.875,,0,67.28125,4,4,5,4
msg_66,node4,node2,316,13720,13773,,53.0,,67.28125,4,72.0,,0,67.28125,4,4,5,4
msg_67,node4,node3,316,13720,13773,,53.0,,67.28125,4,84.625,,0,67.28125,4,4,5,4
msg_68,node4,node0,316,16625,16678,,53.0,,66.44117647058823,4,52.64705882352941,,0,66.44117647058823,4,4,5,4
msg_69,node4,node1,316,16625,16678,,53.0,,66.44117647058823,4,59.470588235294116,,0,66.44117647058823,4,4,5,4
msg_70,node4,node2,316,16625,16678,,53.0,,66.44117647058823,4,70.88235294117646,,0,66.44117647058823,4,4,5,4
msg_71,node4,node3,316,16625,16678,,53.0,,66.44117647058823,4,82.76470588235294,,0,66.44117647058823,4,4,5,4
msg_72,node4,node0,316,18942,18995,,53.0,,65.69444444444444,4,52.666666666666664,,0,65.69444444444444,4,4,5,4
msg_73,node4,node1,316,18942,18995,,53.0,,65.69444444444444,4,59.111111111111114,,0,65.69444444444444,4,4,5,4
msg_74,node4,node2,316,18942,18995,,53.0,,65.69444444444444,4,69.88888888888889,,0,65.69444444444444,4,4,5,4
msg_75,node4,node3,316,18942,18995,,53.0,,65.69444444444444,4,81.11111111111111,,0,65.69444444444444,4,4,5,4
msg_76,node4,node0,316,18995,19048,,53.0,,65.02631578947368,4,52.68421052631579,,0,65.02631578947368,4,4,5,4
msg_77,node4,node1,316,18995,19048,,53.0,,65.02631578947368,4,58.78947368421053,,0,65.02631578947368,4,4,5,4
msg_78,node4,node2,316,18995,19048,,53.0,,65.02631578947368,4,69.0,,0,65.02631578947368,4,4,5,4
msg_79,node4,node3,316,18995,19048,,53.0,,65.02631578947368,4,79.63157894736842,,0,65.02631578947368,4,4,5,4
msg_80,node4,node0,316,19048,19101,,53.0,,64.425,4,52.7,,0,64.425,4,4,5,4
msg_81,node4,node1,316,19048,19101,,53.0,,64.425,4,58.5,,0,64.425,4,4,5,4
msg_82,node4,node2,316,19048,19101,,53.0,,64.425,4,68.2,,0,64.425,4,4,5,4
msg_83,node4,node3,316,19048,19101,,53.0,,64.425,4,78.3,,0,64.425,4,4,5,4
msg_84,node4,node0,316,19777,19830,,53.0,,63.88095238095238,4,52.714285714285715,,0,63.88095238095238,4,4,5,4
msg_85,node4,node1,316,19777,19830,,53.0,,63.88095238095238,4,58.23809523809524,,0,63.88095238095238,4,4,5,4
msg_86,node4,node2,316,19777,19830,,53.0,,63.88095238095238,4,67.47619047619048,,0,63.88095238095238,4,4,5,4
msg_87,node4,node3,316,19777,19830,,53.0,,63.88095238095238,4,77.0952380952381,,0,63.88095238095238,4,4,5,4
msg_88,node4,node0,316,22578,22631,,53.0,,63.38636363636363,4,52.72727272727273,,0,63.38636363636363,4,4,5,4
msg_89,node4,node1,316,22578,22631,,53.0,,63.38636363636363,4,58.0,,0,63.38636363636363,4,4,5,4
msg_90,node4,node2,316,22578,22631,,53.0,,63.38636363636363,4,66.81818181818181,,0,63.38636363636363,4,4,5,4
msg_91,node4,node3,316,22578,22631,,53.0,,63.38636363636363,4,76.0,,0,63.38636363636363,4,4,5,4
msg_92,node4,node0,316,23058,23111,,53.0,,62.93478260869565,4,52.73913043478261,,0,62.93478260869565,4,4,5,4
msg_93,node4,node1,316,23058,23111,,53.0,,62.93478260869565,4,57.78260869565217,,0,62.93478260869565,4,4,5,4
msg_94,node4,node2,316,23058,23111,,53.0,,62.93478260869565,4,66.21739130434783,,0,62.93478260869565,4,4,5,4
msg_95,node4,node3,316,23058,23111,,53.0,,62.93478260869565,4,75.0,,0,62.93478260869565,4,4,5,4
msg_96,node4,node0,316,23302,23355,,53.0,,62.520833333333336,4,52.75,,0,62.520833333333336,4,4,5,4
msg_97,node4,node1,316,23302,23355,,53.0,,62.520833333333336,4,57.583333333333336,,0,62.520833333333336,4,4,5,4
msg_98,node4,node2,316,23302,23355,,53.0,,62.520833333333336,4,65.66666666666667,,0,62.520833333333336,4,4,5,4
msg_99,node4,node3,316,23302,23355,,53.0,,62.520833333333336,4,74.08333333333333,,0,62.520833333333336,4,4,5,4
msg_100,node4,node0,317,23849,23902,,53.0,,62.14,4,52.76,,0,62.14,4,4,5,4
msg_101,node4,node1,317,23849,23902,,53.0,,62.14,4,57.4,,0,62.14,4,4,5,4
msg_102,node4,node2,317,23849,23902,,53.0,,62.14,4,65.16,,0,62.14,4,4,5,4
msg_103,node4,node3,317,23849,23902,,53.0,,62.14,4,73.24,,0,62.14,4,4,5,4
msg_104,node4,node0,317,23902,23955,,53.0,,61.78846153846154,4,52.76923076923077,,0,61.78846153846154,4,4,5,4
msg_105,node4,node1,317,23902,23955,,53.0,,61.78846153846154,4,57.23076923076923,,0,61.78846153846154,4,4,5,4
msg_106,node4,node2,317,23902,23955,,53.0,,61.78846153846154,4,64.6923076923077,,0,61.78846153846154,4,4,5,4
msg_107,node4,node3,317,23902,23955,,53.0,,61.78846153846154,4,72.46153846153847,,0,61.78846153846154,4,4,5,4
msg_108,node4,node0,317,24129,24182,,53.0,,61.46296296296296,4,52.77777777777778,,0,61.46296296296296,4,4,5,4
msg_109,node4,node1,317,24129,24182,,53.0,,61.46296296296296,4,57.074074074074076,,0,61.46296296296296,4,4,5,4
msg_110,node4,node2,317,24129,24182,,53.0,,61.46296296296296,4,64.25925925925925,,0,61.46296296296296,4,4,5,4
msg_111,node4,node3,317,24129,24182,,53.0,,61.46296296296296,4,71.74074074074075,,0,61.46296296296296,4,4,5,4
msg_112,node4,node0,317,24705,24758,,53.0,,61.160714285714285,4,52.785714285714285,,0,61.160714285714285,4,4,5,4
msg_113,node4,node1,317,24705,24758,,53.0,,61.160714285714285,4,56.92857142857143,,0,61.160714285714285,4,4,5,4
msg_114,node4,node2,317,24705,24758,,53.0,,61.160714285714285,4,63.857142857142854,,0,61.160714285714285,4,4,5,4
msg_115,node4,node3,317,24705,24758,,53.0,,61.160714285714285,4,71.07142857142857,,0,61.160714285714285,4,4,5,4
msg_116,node4,node0,317,25390,25443,,53.0,,60.87931034482759,4,52.793103448275865,,0,60.87931034482759,4,4,5,4
msg_117,node4,node1,317,25390,25443,,53.0,,60.87931034482759,4,56.793103448275865,,0,60.87931034482759,4,4,5,4
msg_118,node4,node2,317,25390,25443,,53.0,,60.87931034482759,4,63.48275862068966,,0,60.87931034482759,4,4,5,4
msg_119,node4,node3,317,25390,25443,,53.0,,60.87931034482759,4,70.44827586206897,,0,60.87931034482759,4,4,5,4
msg_120,node4,node0,317,25655,25708,,53.0,,60.61666666666667,4,52.8,,0,60.61666666666667,4,4,5,4
msg_121,node4,node1,317,25655,25708,,53.0,,60.61666666666667,4,56.666666666666664,,0,60.61666666666667,4,4,5,4
msg_122,node4,node2,317,25655,25708,,53.0,,60.61666666666667,4,63.13333333333333,,0,60.61666666666667,4,4,5,4
msg_123,node4,node3,317,25655,25708,,53.0,,60.61666666666667,4,69.86666666666666,,0,60.61666666666667,4,4,5,4
msg_124,node4,node0,317,25919,25972,,53.0,,60.37096774193548,4,52.806451612903224,,0,60.37096774193548,4,4,5,4
msg_125,node4,node1,317,25919,25972,,53.0,,60.37096774193548,4,56.54838709677419,,0,60.37096774193548,4,4,5,4
msg_126,node4,node2,317,25919,25972,,53.0,,60.37096774193548,4,62.806451612903224,,0,60.37096774193548,4,4,5,4
msg_127,node4,node3,317,25919,25972,,53.0,,60.37096774193548,4,69.3225806451613,,0,60.37096774193548,4,4,5,4
msg_128,node4,node0,317,26166,26219,,53.0,,60.140625,4,52.8125,,0,60.140625,4,4,5,4
msg_129,node4,node1,317,26166,26219,,53.0,,60.140625,4,56.4375,,0,60.140625,4,4,5,4
msg_130,node4,node2,317,26166,26219,,53.0,,60.140625,4,62.5,,0,60.140625,4,4,5,4
msg_131,node4,node3,317,26166,26219,,53.0,,60.140625,4,68.8125,,0,60.140625,4,4,5,4
msg_132,node4,node0,317,26780,26833,,53.0,,59.92424242424242,4,52.81818181818182,,0,59.92424242424242,4,4,5,4
msg_133,node4,node1,317,26780,26833,,53.0,,59.92424242424242,4,56.333333333333336,,0,59.92424242424242,4,4,5,4
msg_134,node4,node2,317,26780,26833,,53.0,,59.92424242424242,4,62.21212121212121,,0,59.92424242424242,4,4,5,4
msg_135,node4,node3,317,26780,26833,,53.0,,59.92424242424242,4,68.33333333333333,,0,59.92424242424242,4,4,5,4
msg_136,node4,node0,317,27124,27177,,53.0,,59.720588235294116,4,52.8235294117647,,0,59.720588235294116,4,4,5,4
msg_137,node4,node1,317,27124,27177,,53.0,,59.720588235294116,4,56.23529411764706,,0,59.720588235294116,4,4,5,4
msg_138,node4,node2,317,27124,27177,,53.0,,59.720588235294116,4,61.94117647058823,,0,59.720588235294116,4,4,5,4
msg_139,node4,node3,317,27124,27177,,53.0,,59.720588235294116,4,67.88235294117646,,0,59.720588235294116,4,4,5,4
msg_140,node4,node0,317,27177,27230,,53.0,,59.52857142857143,4,52.82857142857143,,0,59.52857142857143,4,4,5,4
msg_141,node4,node1,317,27177,27230,,53.0,,59.52857142857143,4,56.142857142857146,,0,59.52857142857143,4,4,5,4
msg_142,node4,node2,317,27177,27230,,53.0,,59.52857142857143,4,61.68571428571428,,0,59.52857142857143,4,4,5,4
msg_143,node4,node3,317,27177,27230,,53.0,,59.52857142857143,4,67.45714285714286,,0,59.52857142857143,4,4,5,4
msg_144,node4,node0,317,28963,29016,,53.0,,59.34722222222222,4,52.833333333333336,,0,59.34722222222222,4,4,5,4
msg_145,node4,node1,317,28963,29016,,53.0,,59.34722222222222,4,56.05555555555556,,0,59.34722222222222,4,4,5,4
msg_146,node4,node2,317,28963,29016,,53.0,,59.34722222222222,4,61.44444444444444,,0,59.34722222222222,4,4,5,4
msg_147,node4,node3,317,28963,29016,,53.0,,59.34722222222222,4,67.05555555555556,,0,59.34722222222222,4,4,5,4
msg_148,node4,node0,317,29776,29829,,53.0,,59.17567567567568,4,52.83783783783784,,0,59.17567567567568,4,4,5,4
msg_149,node4,node1,317,29776,29829,,53.0,,59.17567567567568,4,55.972972972972975,,0,59.17567567567568,4,4,5,4
msg_150,node4,node2,317,29776,29829,,53.0,,59.17567567567568,4,61.21621621621622,,0,59.17567567567568,4,4,5,4
msg_151,node4,node3,317,29776,29829,,53.0,,59.17567567567568,4,66.67567567567568,,0,59.17567567567568,4,4,5,4
msg_152,node4,node0,317,30804,30857,,53.0,,59.01315789473684,4,52.8421052631579,,0,59.01315789473684,4,4,5,4
msg_153,node4,node1,317,30804,30857,,53.0,,59.01315789473684,4,55.89473684210526,,0,59.01315789473684,4,4,5,4
msg_154,node4,node2,317,30804,30857,,53.0,,59.01315789473684,4,61.0,,0,59.01315789473684,4,4,5,4
msg_155,node4,node3,317,30804,30857,,53.0,,59.01315789473684,4,66.3157894736842,,0,59.01315789473684,4,4,5,4
msg_156,node4,node0,317,31008,31061,,53.0,,58.85897435897436,4,52.84615384615385,,0,58.85897435897436,4,4,5,4
msg_157,node4,node1,317,31008,31061,,53.0,,58.85897435897436,4,55.82051282051282,,0,58.85897435897436,4,4,5,4
msg_158,node4,node2,317,31008,31061,,53.0,,58.85897435897436,4,60.794871794871796,,0,58.85897435897436,4,4,5,4
msg_159,node4,node3,317,31008,31061,,53.0,,58.85897435897436,4,65.97435897435898,,0,58.85897435897436,4,4,5,4
msg_160,node4,node0,317,35907,35960,,53.0,,58.7125,4,52.85,,0,58.7125,4,4,5,4
msg_161,node4,node1,317,35907,35960,,53.0,,58.7125,4,55.75,,0,58.7125,4,4,5,4
msg_162,node4,node2,317,35907,35960,,53.0,,58.7125,4,60.6,,0,58.7125,4,4,5,4
msg_163,node4,node3,317,35907,35960,,53.0,,58.7125,4,65.65,,0,58.7125,4,4,5,4
msg_164,node4,node0,317,37874,37927,,53.0,,58.573170731707314,4,52.853658536585364,,0,58.573170731707314,4,4,5,4
msg_165,node4,node1,317,37874,37927,,53.0,,58.573170731707314,4,55.68292682926829,,0,58.573170731707314,4,4,5,4
msg_166,node4,node2,317,37874,37927,,53.0,,58.573170731707314,4,60.41463414634146,,0,58.573170731707314,4,4,5,4
msg_167,node4,node3,317,37874,37927,,53.0,,58.573170731707314,4,65.34146341463415,,0,58.573170731707314,4,4,5,4
msg_168,node4,node0,317,38003,38056,,53.0,,58.44047619047619,4,52.857142857142854,,0,58.44047619047619,4,4,5,4
msg_169,node4,node1,317,38003,38056,,53.0,,58.44047619047619,4,55.61904761904762,,0,58.44047619047619,4,4,5,4
msg_170,node4,node2,317,38003,38056,,53.0,,58.44047619047619,4,60.23809523809524,,0,58.44047619047619,4,4,5,4
msg_171,node4,node3,317,38003,38056,,53.0,,58.44047619047619,4,65.04761904761905,,0,58.44047619047619,4,4,5,4
msg_172,node4,node0,317,38406,38459,,53.0,,58.31395348837209,4,52.86046511627907,,0,58.31395348837209,4,4,5,4
msg_173,node4,node1,317,38406,38459,,53.0,,58.31395348837209,4,55.55813953488372,,0,58.31395348837209,4,4,5,4
msg_174,node4,node2,317,38406,38459,,53.0,,58.31395348837209,4,60.06976744186046,,0,58.31395348837209,4,4,5,4
msg_175,node4,node3,317,38406,38459,,53.0,,58.31395348837209,4,64.76744186046511,,0,58.31395348837209,4,4,5,4
msg_176,node4,node0,317,39684,39737,,53.0,,58.19318181818182,4,52.86363636363637,,0,58.19318181818182,4,4,5,4
msg_177,node4,node1,317,39684,39737,,53.0,,58.19318181818182,4,55.5,,0,58.19318181818182,4,4,5,4
msg_178,node4,node2,317,39684,39737,,53.0,,58.19318181818182,4,59.90909090909091,,0,58.19318181818182,4,4,5,4
msg_179,node4,node3,317,39684,39737,,53.0,,58.19318181818182,4,64.5,,0,58.19318181818182,4,4,5,4
msg_180,node4,node0,317,40926,40979,,53.0,,58.077777777777776,4,52.86666666666667,,0,58.077777777777776,4,4,5,4
msg_181,node4,node1,317,40926,40979,,53.0,,58.077777777777776,4,55.44444444444444,,0,58.077777777777776,4,4,5,4
msg_182,node4,node2,317,40926,40979,,53.0,,58.077777777777776,4,59.75555555555555,,0,58.077777777777776,4,4,5,4
msg_183,node4,node3,317,40926,40979,,53.0,,58.077777777777776,4,64.24444444444444,,0,58.077777777777776,4,4,5,4
msg_184,node4,node0,317,43682,43735,,53.0,,57.96739130434783,4,52.869565217391305,,0,57.96739130434783,4,4,5,4
msg_185,node4,node1,317,43682,43735,,53.0,,57.96739130434783,4,55.391304347826086,,0,57.96739130434783,4,4,5,4
msg_186,node4,node2,317,43682,43735,,53.0,,57.96739130434783,4,59.608695652173914,,0,57.96739130434783,4,4,5,4
msg_187,node4,node3,317,43682,43735,,53.0,,57.96739130434783,4,64.0,,0,57.96739130434783,4,4,5,4
msg_188,node4,node0,317,44232,44285,,53.0,,57.861702127659576,4,52.87234042553192,,0,57.861702127659576,4,4,5,4
msg_189,node4,node1,317,44232,44285,,53.0,,57.861702127659576,4,55.340425531914896,,0,57.861702127659576,4,4,5,4
msg_190,node4,node2,317,44232,44285,,53.0,,57.861702127659576,4,59.46808510638298,,0,57.861702127659576,4,4,5,4
msg_191,node4,node3,317,44232,44285,,53.0,,57.861702127659576,4,63.765957446808514,,0,57.861702127659576,4,4,5,4
msg_192,node4,node0,317,46004,46057,,53.0,,57.760416666666664,4,52.875,,0,57.760416666666664,4,4,5,4
msg_193,node4,node1,317,46004,46057,,53.0,,57.760416666666664,4,55.291666666666664,,0,57.760416666666664,4,4,5,4
msg_194,node4,node2,317,46004,46057,,53.0,,57.760416666666664,4,59.333333333333336,,0,57.760416666666664,4,4,5,4
msg_195,node4,node3,317,46004,46057,,53.0,,57.760416666666664,4,63.541666666666664,,0,57.760416666666664,4,4,5,4
msg_196,node4,node0,317,47112,47165,,53.0,,57.66326530612245,4,52.87755102040816,,0,57.66326530612245,4,4,5,4
msg_197,node4,node1,317,47112,47165,,53.0,,57.66326530612245,4,55.244897959183675,,0,57.66326530612245,4,4,5,4
msg_198,node4,node2,317,47112,47165,,53.0,,57.66326530612245,4,59.204081632653065,,0,57.66326530612245,4,4,5,4
msg_199,node4,node3,317,47112,47165,,53.0,,57.66326530612245,4,63.326530612244895,,0,57.66326530612245,4,4,5,4
msg_200,node4,node0,317,47475,47528,,53.0,,57.57,4,52.88,,0,57.57,4,4,5,4
msg_201,node4,node1,317,47475,47528,,53.0,,57.57,4,55.2,,0,57.57,4,4,5,4
msg_202,node4,node2,317,47475,47528,,53.0,,57.57,4,59.08,,0,57.57,4,4,5,4
msg_203,node4,node3,317,47475,47528,,53.0,,57.57,4,63.12,,0,57.57,4,4,5,4
msg_204,node4,node0,317,48361,48414,,53.0,,57.48039215686274,4,52.88235294117647,,0,57.48039215686274,4,4,5,4
msg_205,node4,node1,317,48361,48414,,53.0,,57.48039215686274,4,55.15686274509804,,0,57.48039215686274,4,4,5,4
msg_206,node4,node2,317,48361,48414,,53.0,,57.48039215686274,4,58.96078431372549,,0,57.48039215686274,4,4,5,4
msg_207,node4,node3,317,48361,48414,,53.0,,57.48039215686274,4,62.92156862745098,,0,57.48039215686274,4,4,5,4
msg_208,node4,node0,317,50502,50555,,53.0,,57.39423076923077,4,52.88461538461539,,0,57.39423076923077,4,4,5,4
msg_209,node4,node1,317,50502,50555,,53.0,,57.39423076923077,4,55.11538461538461,,0,57.39423076923077,4,4,5,4
msg_210,node4,node2,317,50502,50555,,53.0,,57.39423076923077,4,58.84615384615385,,0,57.39423076923077,4,4,5,4
msg_211,node4,node3,317,50502,50555,,53.0,,57.39423076923077,4,62.73076923076923,,0,57.39423076923077,4,4,5,4
msg_212,node4,node0,317,52374,52427,,53.0,,57.31132075471698,4,52.886792452830186,,0,57.31132075471698,4,4,5,4
msg_213,node4,node1,317,52374,52427,,53.0,,57.31132075471698,4,55.075471698113205,,0,57.31132075471698,4,4,5,4
msg_214,node4,node2,317,52374,52427,,53.0,,57.31132075471698,4,58.735849056603776,,0,57.31132075471698,4,4,5,4
msg_215,node4,node3,317,52374,52427,,53.0,,57.31132075471698,4,62.54716981132076,,0,57.31132075471698,4,4,5,4
msg_216,node4,node0,317,53078,53131,,53.0,,57.23148148148148,4,52.888888888888886,,0,57.23148148148148,4,4,5,4
msg_217,node4,node1,317,53078,53131,,53.0,,57.23148148148148,4,55.03703703703704,,0,57.23148148148148,4,4,5,4
msg_218,node4,node2,317,53078,53131,,53.0,,57.23148148148148,4,58.629629629629626,,0,57.23148148148148,4,4,5,4
msg_219,node4,node3,317,53078,53131,,53.0,,57.23148148148148,4,62.370370370370374,,0,57.23148148148148,4,4,5,4
msg_220,node4,node0,317,53967,54020,,53.0,,57.154545454545456,4,52.89090909090909,,0,57.154545454545456,4,4,5,4
msg_221,node4,node1,317,53967,54020,,53.0,,57.154545454545456,4,55.0,,0,57.154545454545456,4,4,5,4
msg_222,node4,node2,317,53967,54020,,53.0,,57.154545454545456,4,58.527272727272724,,0,57.154545454545456,4,4,5,4
msg_223,node4,node3,317,53967,54020,,53.0,,57.154545454545456,4,62.2,,0,57.154545454545456,4,4,5,4
msg_224,node4,node0,317,54020,54073,,53.0,,57.080357142857146,4,52.892857142857146,,0,57.080357142857146,4,4,5,4
msg_225,node4,node1,317,54020,54073,,53.0,,57.080357142857146,4,54.964285714285715,,0,57.080357142857146,4,4,5,4
msg_226,node4,node2,317,54020,54073,,53.0,,57.080357142857146,4,58.42857142857143,,0,57.080357142857146,4,4,5,4
msg_227,node4,node3,317,54020,54073,,53.0,,57.080357142857146,4,62.035714285714285,,0,57.080357142857146,4,4,5,4
msg_228,node4,node0,317,54280,54333,,53.0,,57.00877192982456,4,52.89473684210526,,0,57.00877192982456,4,4,5,4
msg_229,node4,node1,317,54280,54333,,53.0,,57.00877192982456,4,54.92982456140351,,0,57.00877192982456,4,4,5,4
msg_230,node4,node2,317,54280,54333,,53.0,,57.00877192982456,4,58.333333333333336,,0,57.00877192982456,4,4,5,4
msg_231,node4,node3,317,54280,54333,,53.0,,57.00877192982456,4,61.87719298245614,,0,57.00877192982456,4,4,5,4
msg_232,node4,node0,317,55875,55928,,53.0,,56.939655172413794,4,52.89655172413793,,0,56.939655172413794,4,4,5,4
msg_233,node4,node1,317,55875,55928,,53.0,,56.939655172413794,4,54.89655172413793,,0,56.939655172413794,4,4,5,4
msg_234,node4,node2,317,55875,55928,,53.0,,56.939655172413794,4,58.241379310344826,,0,56.939655172413794,4,4,5,4
msg_235,node4,node3,317,55875,55928,,53.0,,56.939655172413794,4,61.724137931034484,,0,56.939655172413794,4,4,5,4
msg_236,node4,node0,317,56410,56463,,53.0,,56.8728813559322,4,52.898305084745765,,0,56.8728813559322,4,4,5,4
msg_237,node4,node1,317,56410,56463,,53.0,,56.8728813559322,4,54.86440677966102,,0,56.8728813559322,4,4,5,4
msg_238,node4,node2,317,56410,56463,,53.0,,56.8728813559322,4,58.152542372881356,,0,56.8728813559322,4,4,5,4
msg_239,node4,node3,317,56410,56463,,53.0,,56.8728813559322,4,61.57627118644068,,0,56.8728813559322,4,4,5,4
msg_240,node4,node0,317,56600,56653,,53.0,,56.80833333333333,4,52.9,,0,56.80833333333333,4,4,5,4
msg_241,node4,node1,317,56600,56653,,53.0,,56.80833333333333,4,54.833333333333336,,0,56.80833333333333,4,4,5,4
msg_242,node4,node2,317,56600,56653,,53.0,,56.80833333333333,4,58.06666666666667,,0,56.80833333333333,4,4,5,4
msg_243,node4,node3,317,56600,56653,,53.0,,56.80833333333333,4,61.43333333333333,,0,56.80833333333333,4,4,5,4
msg_244,node4,node0,317,57396,57449,,53.0,,56.74590163934426,4,52.90163934426229,,0,56.74590163934426,4,4,5,4
msg_245,node4,node1,317,57396,57449,,53.0,,56.74590163934426,4,54.80327868852459,,0,56.74590163934426,4,4,5,4
msg_246,node4,node2,317,57396,57449,,53.0,,56.74590163934426,4,57.98360655737705,,0,56.74590163934426,4,4,5,4
msg_247,node4,node3,317,57396,57449,,53.0,,56.74590163934426,4,61.295081967213115,,0,56.74590163934426,4,4,5,4
msg_248,node4,node0,317,58610,58663,,53.0,,56.685483870967744,4,52.903225806451616,,0,56.685483870967744,4,4,5,4
msg_249,node4,node1,317,58610,58663,,53.0,,56.685483870967744,4,54.774193548387096,,0,56.685483870967744,4,4,5,4
msg_250,node4,node2,317,58610,58663,,53.0,,56.685483870967744,4,57.903225806451616,,0,56.685483870967744,4,4,5,4
msg_251,node4,node3,317,58610,58663,,53.0,,56.685483870967744,4,61.16129032258065,,0,56.685483870967744,4,4,5,4
msg_252,node4,node0,317,59734,59787,,53.0,,56.62698412698413,4,52.904761904761905,,0,56.62698412698413,4,4,5,4
msg_253,node4,node1,317,59734,59787,,53.0,,56.62698412698413,4,54.74603174603175,,0,56.62698412698413,4,4,5,4
msg_254,node4,node2,317,59734,59787,,53.0,,56.62698412698413,4,57.82539682539682,,0,56.62698412698413,4,4,5,4
msg_255,node4,node3,317,59734,59787,,53.0,,56.62698412698413,4,61.03174603174603,,0,56.62698412698413,4,4,5,4
