msg_id,sender,receiver,size_B,time_send_ms,time_receive_ms,delay_ms
node0_0,node0,node1,100,1000,1024,24
node0_1,node0,node2,100,1000,1024,24
node0_2,node0,node3,100,1000,1024,24
node0_3,node0,node4,100,1000,1024,24
node0_4,node0,node5,100,1000,1024,24
node0_5,node0,node6,100,1000,1024,24
node0_6,node0,node7,100,1000,1024,24
node0_7,node0,node8,100,1000,1021,21
node0_8,node0,node9,100,1000,1022,22
node0_9,node0,node10,100,1000,1024,24
node0_10,node0,node11,100,1000,1019,19
node0_11,node0,node12,100,1000,1024,24
node0_12,node0,node13,100,1000,1020,20
node0_13,node0,node14,100,1000,1024,24
node0_14,node0,node15,100,1000,1023,23
node0_15,node0,node16,100,1000,1024,24
node0_16,node0,node17,100,1000,1024,24
node0_17,node0,node18,100,1000,1024,24
node0_18,node0,node19,100,1000,1024,24
node0_19,node0,node1,100,2000,2019,19
node0_20,node0,node2,100,2000,2019,19
node0_21,node0,node3,100,2000,2019,19
node0_22,node0,node4,100,2000,2019,19
node0_23,node0,node5,100,2000,2019,19
node0_24,node0,node6,100,2000,2019,19
node0_25,node0,node7,100,2000,2019,19
node0_26,node0,node8,100,2000,2018,18
node0_27,node0,node9,100,2000,2018,18
node0_28,node0,node10,100,2000,2019,19
node0_29,node0,node11,100,2000,2018,18
node0_30,node0,node12,100,2000,2019,19
node0_31,node0,node13,100,2000,2018,18
node0_32,node0,node14,100,2000,2019,19
node0_33,node0,node15,100,2000,2018,18
node0_34,node0,node16,100,2000,2019,19
node0_35,node0,node17,100,2000,2019,19
node0_36,node0,node18,100,2000,2019,19
node0_37,node0,node19,100,2000,2019,19
node0_38,node0,node1,100,3000,3018,18
node0_39,node0,node2,100,3000,3018,18
node0_40,node0,node3,100,3000,3018,18
node0_41,node0,node4,100,3000,3018,18
node0_42,node0,node5,100,3000,3018,18
node0_43,node0,node6,100,3000,3018,18
node0_44,node0,node7,100,3000,3018,18
node0_45,node0,node8,100,3000,3018,18
node0_46,node0,node9,100,3000,3018,18
node0_47,node0,node10,100,3000,3018,18
node0_48,node0,node11,100,3000,3018,18
node0_49,node0,node12,100,3000,3018,18
node0_50,node0,node13,100,3000,3018,18
node0_51,node0,node14,100,3000,3018,18
node0_52,node0,node15,100,3000,3018,18
node0_53,node0,node16,100,3000,3018,18
node0_54,node0,node17,100,3000,3018,18
node0_55,node0,node18,100,3000,3018,18
node0_56,node0,node19,100,3000,3018,18
node0_57,node0,node1,100,4000,4018,18
node0_58,node0,node2,100,4000,4018,18
node0_59,node0,node3,100,4000,4018,18
node0_60,node0,node4,100,4000,4018,18
node0_61,node0,node5,100,4000,4018,18
node0_62,node0,node6,100,4000,4018,18
node0_63,node0,node7,100,4000,4018,18
node0_64,node0,node8,100,4000,4018,18
node0_65,node0,node9,100,4000,4018,18
node0_66,node0,node10,100,4000,4018,18
node0_67,node0,node11,100,4000,4018,18
node0_68,node0,node12,100,4000,4018,18
node0_69,node0,node13,100,4000,4018,18
node0_70,node0,node14,100,4000,4018,18
node0_71,node0,node15,100,4000,4018,18
node0_72,node0,node16,100,4000,4018,18
node0_73,node0,node17,100,4000,4018,18
node0_74,node0,node18,100,4000,4018,18
node0_75,node0,node19,100,4000,4018,18
node0_76,node0,node1,100,5000,5018,18
node0_77,node0,node2,100,5000,5018,18
node0_78,node0,node3,100,5000,5018,18
node0_79,node0,node4,100,5000,5018,18
node0_80,node0,node5,100,5000,5018,18
node0_81,node0,node6,100,5000,5018,18
node0_82,node0,node7,100,5000,5018,18
node0_83,node0,node8,100,5000,5018,18
node0_84,node0,node9,100,5000,5018,18
node0_85,node0,node10,100,5000,5018,18
node0_86,node0,node11,100,5000,5018,18
node0_87,node0,node12,100,5000,5018,18
node0_88,node0,node13,100,5000,5018,18
node0_89,node0,node14,100,5000,5018,18
node0_90,node0,node15,100,5000,5018,18
node0_91,node0,node16,100,5000,5018,18
node0_92,node0,node17,100,5000,5018,18
node0_93,node0,node18,100,5000,5018,18
node0_94,node0,node19,100,5000,5018,18
node0_95,node0,node1,100,6000,6018,18
node0_96,node0,node2,100,6000,6018,18
node0_97,node0,node3,100,6000,6018,18
node0_98,node0,node4,100,6000,6018,18
node0_99,node0,node5,100,6000,6018,18
node0_100,node0,node6,100,6000,6018,18
node0_101,node0,node7,100,6000,6018,18
node0_102,node0,node8,100,6000,6018,18
node0_103,node0,node9,100,6000,6018,18
node0_104,node0,node10,100,6000,6018,18
node0_105,node0,node11,100,6000,6018,18
node0_106,node0,node12,100,6000,6018,18
node0_107,node0,node13,100,6000,6018,18
node0_108,node0,node14,100,6000,6018,18
node0_109,node0,node15,100,6000,6018,18
node0_110,node0,node16,100,6000,6018,18
node0_111,node0,node17,100,6000,6018,18
node0_112,node0,node18,100,6000,6018,18
node0_113,node0,node19,100,6000,6018,18
node0_114,node0,node1,100,7000,7018,18
node0_115,node0,node2,100,7000,7018,18
node0_116,node0,node3,100,7000,7018,18
node0_117,node0,node4,100,7000,7018,18
node0_118,node0,node5,100,7000,7018,18
node0_119,node0,node6,100,7000,7018,18
node0_120,node0,node7,100,7000,7018,18
node0_121,node0,node8,100,7000,7018,18
node0_122,node0,node9,100,7000,7018,18
node0_123,node0,node10,100,7000,7018,18
node0_124,node0,node11,100,7000,7018,18
node0_125,node0,node12,100,7000,7018,18
node0_126,node0,node13,100,7000,7018,18
node0_127,node0,node14,100,7000,7018,18
node0_128,node0,node15,100,7000,7018,18
node0_129,node0,node16,100,7000,7018,18
node0_130,node0,node17,100,7000,7018,18
node0_131,node0,node18,100,7000,7018,18
node0_132,node0,node19,100,7000,7018,18
node0_133,node0,node1,100,8000,8018,18
node0_134,node0,node2,100,8000,8018,18
node0_135,node0,node3,100,8000,8018,18
node0_136,node0,node4,100,8000,8018,18
node0_137,node0,node5,100,8000,8018,18
node0_138,node0,node6,100,8000,8018,18
node0_139,node0,node7,100,8000,8018,18
node0_140,node0,node8,100,8000,8018,18
node0_141,node0,node9,100,8000,8018,18
node0_142,node0,node10,100,8000,8018,18
node0_143,node0,node11,100,8000,8018,18
node0_144,node0,node12,100,8000,8018,18
node0_145,node0,node13,100,8000,8018,18
node0_146,node0,node14,100,8000,8018,18
node0_147,node0,node15,100,8000,8018,18
node0_148,node0,node16,100,8000,8018,18
node0_149,node0,node17,100,8000,8018,18
node0_150,node0,node18,100,8000,8018,18
node0_151,node0,node19,100,8000,8018,18
node0_152,node0,node1,100,9000,9018,18
node0_153,node0,node2,100,9000,9018,18
node0_154,node0,node3,100,9000,9018,18
node0_155,node0,node4,100,9000,9018,18
node0_156,node0,node5,100,9000,9018,18
node0_157,node0,node6,100,9000,9018,18
node0_158,node0,node7,100,9000,9018,18
node0_159,node0,node8,100,9000,9018,18
node0_160,node0,node9,100,9000,9018,18
node0_161,node0,node10,100,9000,9018,18
node0_162,node0,node11,100,9000,9018,18
node0_163,node0,node12,100,9000,9018,18
node0_164,node0,node13,100,9000,9018,18
node0_165,node0,node14,100,9000,9018,18
node0_166,node0,node15,100,9000,9018,18
node0_167,node0,node16,100,9000,9018,18
node0_168,node0,node17,100,9000,9018,18
node0_169,node0,node18,100,9000,9018,18
node0_170,node0,node19,100,9000,9018,18
node0_171,node0,node1,100,10000,10018,18
node0_172,node0,node2,100,10000,10018,18
node0_173,node0,node3,100,10000,10018,18
node0_174,node0,node4,100,10000,10018,18
node0_175,node0,node5,100,10000,10018,18
node0_176,node0,node6,100,10000,10018,18
node0_177,node0,node7,100,10000,10018,18
node0_178,node0,node8,100,10000,10018,18
node0_179,node0,node9,100,10000,10018,18
node0_180,node0,node10,100,10000,10018,18
node0_181,node0,node11,100,10000,10018,18
node0_182,node0,node12,100,10000,10018,18
node0_183,node0,node13,100,10000,10018,18
node0_184,node0,node14,100,10000,10018,18
node0_185,node0,node15,100,10000,10018,18
node0_186,node0,node16,100,10000,10018,18
node0_187,node0,node17,100,10000,10018,18
node0_188,node0,node18,100,10000,10018,18
node0_189,node0,node19,100,10000,10018,18
node0_190,node0,node1,100,11000,11018,18
node0_191,node0,node2,100,11000,11018,18
node0_192,node0,node3,100,11000,11018,18
node0_193,node0,node4,100,11000,11018,18
node0_194,node0,node5,100,11000,11018,18
node0_195,node0,node6,100,11000,11018,18
node0_196,node0,node7,100,11000,11018,18
node0_197,node0,node8,100,11000,11018,18
node0_198,node0,node9,100,11000,11018,18
node0_199,node0,node10,100,11000,11018,18
node0_200,node0,node11,100,11000,11018,18
node0_201,node0,node12,100,11000,11018,18
node0_202,node0,node13,100,11000,11018,18
node0_203,node0,node14,100,11000,11018,18
node0_204,node0,node15,100,11000,11018,18
node0_205,node0,node16,100,11000,11018,18
node0_206,node0,node17,100,11000,11018,18
node0_207,node0,node18,100,11000,11018,18
node0_208,node0,node19,100,11000,11018,18
node0_209,node0,node1,100,12000,12018,18
node0_210,node0,node2,100,12000,12018,18
node0_211,node0,node3,100,12000,12018,18
node0_212,node0,node4,100,12000,12018,18
node0_213,node0,node5,100,12000,12018,18
node0_214,node0,node6,100,12000,12018,18
node0_215,node0,node7,100,12000,12018,18
node0_216,node0,node8,100,12000,12018,18
node0_217,node0,node9,100,12000,12018,18
node0_218,node0,node10,100,12000,12018,18
node0_219,node0,node11,100,12000,12018,18
node0_220,node0,node12,100,12000,12018,18
node0_221,node0,node13,100,12000,12018,18
node0_222,node0,node14,100,12000,12018,18
node0_223,node0,node15,100,12000,12018,18
node0_224,node0,node16,100,12000,12018,18
node0_225,node0,node17,100,12000,12018,18
node0_226,node0,node18,100,12000,12018,18
node0_227,node0,node19,100,12000,12018,18
node0_228,node0,node1,100,13000,13018,18
node0_229,node0,node2,100,13000,13018,18
node0_230,node0,node3,100,13000,13018,18
node0_231,node0,node4,100,13000,13018,18
node0_232,node0,node5,100,13000,13018,18
node0_233,node0,node6,100,13000,13018,18
node0_234,node0,node7,100,13000,13018,18
node0_235,node0,node8,100,13000,13018,18
node0_236,node0,node9,100,13000,13018,18
node0_237,node0,node10,100,13000,13018,18
node0_238,node0,node11,100,13000,13018,18
node0_239,node0,node12,100,13000,13018,18
node0_240,node0,node13,100,13000,13018,18
node0_241,node0,node14,100,13000,13018,18
node0_242,node0,node15,100,13000,13018,18
node0_243,node0,node16,100,13000,13018,18
node0_244,node0,node17,100,13000,13018,18
node0_245,node0,node18,100,13000,13018,18
node0_246,node0,node19,100,13000,13018,18
node0_247,node0,node1,100,14000,14018,18
node0_248,node0,node2,100,14000,14018,18
node0_249,node0,node3,100,14000,14018,18
node0_250,node0,node4,100,14000,14018,18
node0_251,node0,node5,100,14000,14018,18
node0_252,node0,node6,100,14000,14018,18
node0_253,node0,node7,100,14000,14018,18
node0_254,node0,node8,100,14000,14018,18
node0_255,node0,node9,100,14000,14018,18
node0_256,node0,node10,100,14000,14018,18
node0_257,node0,node11,100,14000,14018,18
node0_258,node0,node12,100,14000,14018,18
node0_259,node0,node13,100,14000,14018,18
node0_260,node0,node14,100,14000,14018,18
node0_261,node0,node15,100,14000,14018,18
node0_262,node0,node16,100,14000,14018,18
node0_263,node0,node17,100,14000,14018,18
node0_264,node0,node18,100,14000,14018,18
node0_265,node0,node19,100,14000,14018,18
node0_266,node0,node1,100,15000,15018,18
node0_267,node0,node2,100,15000,15018,18
node0_268,node0,node3,100,15000,15018,18
node0_269,node0,node4,100,15000,15018,18
node0_270,node0,node5,100,15000,15018,18
node0_271,node0,node6,100,15000,15018,18
node0_272,node0,node7,100,15000,15018,18
node0_273,node0,node8,100,15000,15018,18
node0_274,node0,node9,100,15000,15018,18
node0_275,node0,node10,100,15000,15018,18
node0_276,node0,node11,100,15000,15018,18
node0_277,node0,node12,100,15000,15018,18
node0_278,node0,node13,100,15000,15018,18
node0_279,node0,node14,100,15000,15018,18
node0_280,node0,node15,100,15000,15018,18
node0_281,node0,node16,100,15000,15018,18
node0_282,node0,node17,100,15000,15018,18
node0_283,node0,node18,100,15000,15018,18
node0_284,node0,node19,100,15000,15018,18
node0_285,node0,node1,100,16000,16018,18
node0_286,node0,node2,100,16000,16018,18
node0_287,node0,node3,100,16000,16018,18
node0_288,node0,node4,100,16000,16018,18
node0_289,node0,node5,100,16000,16018,18
node0_290,node0,node6,100,16000,16018,18
node0_291,node0,node7,100,16000,16018,18
node0_292,node0,node8,100,16000,16018,18
node0_293,node0,node9,100,16000,16018,18
node0_294,node0,node10,100,16000,16018,18
node0_295,node0,node11,100,16000,16018,18
node0_296,node0,node12,100,16000,16018,18
node0_297,node0,node13,100,16000,16018,18
node0_298,node0,node14,100,16000,16018,18
node0_299,node0,node15,100,16000,16018,18
node0_300,node0,node16,100,16000,16018,18
node0_301,node0,node17,100,16000,16018,18
node0_302,node0,node18,100,16000,16018,18
node0_303,node0,node19,100,16000,16018,18
node0_304,node0,node1,100,17000,17018,18
node0_305,node0,node2,100,17000,17018,18
node0_306,node0,node3,100,17000,17018,18
node0_307,node0,node4,100,17000,17018,18
node0_308,node0,node5,100,17000,17018,18
node0_309,node0,node6,100,17000,17018,18
node0_310,node0,node7,100,17000,17018,18
node0_311,node0,node8,100,17000,17018,18
node0_312,node0,node9,100,17000,17018,18
node0_313,node0,node10,100,17000,17018,18
node0_314,node0,node11,100,17000,17018,18
node0_315,node0,node12,100,17000,17018,18
node0_316,node0,node13,100,17000,17018,18
node0_317,node0,node14,100,17000,17018,18
node0_318,node0,node15,100,17000,17018,18
node0_319,node0,node16,100,17000,17018,18
node0_320,node0,node17,100,17000,17018,18
node0_321,node0,node18,100,17000,17018,18
node0_322,node0,node19,100,17000,17018,18
node0_323,node0,node1,100,18000,18018,18
node0_324,node0,node2,100,18000,18018,18
node0_325,node0,node3,100,18000,18018,18
node0_326,node0,node4,100,18000,18018,18
node0_327,node0,node5,100,18000,18018,18
node0_328,node0,node6,100,18000,18018,18
node0_329,node0,node7,100,18000,18018,18
node0_330,node0,node8,100,18000,18018,18
node0_331,node0,node9,100,18000,18018,18
node0_332,node0,node10,100,18000,18018,18
node0_333,node0,node11,100,18000,18018,18
node0_334,node0,node12,100,18000,18018,18
node0_335,node0,node13,100,18000,18018,18
node0_336,node0,node14,100,18000,18018,18
node0_337,node0,node15,100,18000,18018,18
node0_338,node0,node16,100,18000,18018,18
node0_339,node0,node17,100,18000,18018,18
node0_340,node0,node18,100,18000,18018,18
node0_341,node0,node19,100,18000,18018,18
node0_342,node0,node1,100,19000,19018,18
node0_343,node0,node2,100,19000,19018,18
node0_344,node0,node3,100,19000,19018,18
node0_345,node0,node4,100,19000,19018,18
node0_346,node0,node5,100,19000,19018,18
node0_347,node0,node6,100,19000,19018,18
node0_348,node0,node7,100,19000,19018,18
node0_349,node0,node8,100,19000,19018,18
node0_350,node0,node9,100,19000,19018,18
node0_351,node0,node10,100,19000,19018,18
node0_352,node0,node11,100,19000,19018,18
node0_353,node0,node12,100,19000,19018,18
node0_354,node0,node13,100,19000,19018,18
node0_355,node0,node14,100,19000,19018,18
node0_356,node0,node15,100,19000,19018,18
node0_357,node0,node16,100,19000,19018,18
node0_358,node0,node17,100,19000,19018,18
node0_359,node0,node18,100,19000,19018,18
node0_360,node0,node19,100,19000,19018,18
node0_361,node0,node1,100,20000,20018,18
node0_362,node0,node2,100,20000,20018,18
node0_363,node0,node3,100,20000,20018,18
node0_364,node0,node4,100,20000,20018,18
node0_365,node0,node5,100,20000,20018,18
node0_366,node0,node6,100,20000,20018,18
node0_367,node0,node7,100,20000,20018,18
node0_368,node0,node8,100,20000,20018,18
node0_369,node0,node9,100,20000,20018,18
node0_370,node0,node10,100,20000,20018,18
node0_371,node0,node11,100,20000,20018,18
node0_372,node0,node12,100,20000,20018,18
node0_373,node0,node13,100,20000,20018,18
node0_374,node0,node14,100,20000,20018,18
node0_375,node0,node15,100,20000,20018,18
node0_376,node0,node16,100,20000,20018,18
node0_377,node0,node17,100,20000,20018,18
node0_378,node0,node18,100,20000,20018,18
node0_379,node0,node19,100,20000,20018,18
node0_380,node0,node1,100,21000,21018,18
node0_381,node0,node2,100,21000,21018,18
node0_382,node0,node3,100,21000,21018,18
node0_383,node0,node4,100,21000,21018,18
node0_384,node0,node5,100,21000,21018,18
node0_385,node0,node6,100,21000,21018,18
node0_386,node0,node7,100,21000,21018,18
node0_387,node0,node8,100,21000,21018,18
node0_388,node0,node9,100,21000,21018,18
node0_389,node0,node10,100,21000,21018,18
node0_390,node0,node11,100,21000,21018,18
node0_391,node0,node12,100,21000,21018,18
node0_392,node0,node13,100,21000,21018,18
node0_393,node0,node14,100,21000,21018,18
node0_394,node0,node15,100,21000,21018,18
node0_395,node0,node16,100,21000,21018,18
node0_396,node0,node17,100,21000,21018,18
node0_397,node0,node18,100,21000,21018,18
node0_398,node0,node19,100,21000,21018,18
node0_399,node0,node1,100,22000,22018,18
node0_400,node0,node2,100,22000,22018,18
node0_401,node0,node3,100,22000,22018,18
node0_402,node0,node4,100,22000,22018,18
node0_403,node0,node5,100,22000,22018,18
node0_404,node0,node6,100,22000,22018,18
node0_405,node0,node7,100,22000,22018,18
node0_406,node0,node8,100,22000,22018,18
node0_407,node0,node9,100,22000,22018,18
node0_408,node0,node10,100,22000,22018,18
node0_409,node0,node11,100,22000,22018,18
node0_410,node0,node12,100,22000,22018,18
node0_411,node0,node13,100,22000,22018,18
node0_412,node0,node14,100,22000,22018,18
node0_413,node0,node15,100,22000,22018,18
node0_414,node0,node16,100,22000,22018,18
node0_415,node0,node17,100,22000,22018,18
node0_416,node0,node18,100,22000,22018,18
node0_417,node0,node19,100,22000,22018,18
node0_418,node0,node1,100,23000,23018,18
node0_419,node0,node2,100,23000,23018,18
node0_420,node0,node3,100,23000,23018,18
node0_421,node0,node4,100,23000,23018,18
node0_422,node0,node5,100,23000,23018,18
node0_423,node0,node6,100,23000,23018,18
node0_424,node0,node7,100,23000,23018,18
node0_425,node0,node8,100,23000,23018,18
node0_426,node0,node9,100,23000,23018,18
node0_427,node0,node10,100,23000,23018,18
node0_428,node0,node11,100,23000,23018,18
node0_429,node0,node12,100,23000,23018,18
node0_430,node0,node13,100,23000,23018,18
node0_431,node0,node14,100,23000,23018,18
node0_432,node0,node15,100,23000,23018,18
node0_433,node0,node16,100,23000,23018,18
node0_434,node0,node17,100,23000,23018,18
node0_435,node0,node18,100,23000,23018,18
node0_436,node0,node19,100,23000,23018,18
node0_437,node0,node1,100,24000,24018,18
node0_438,node0,node2,100,24000,24018,18
node0_439,node0,node3,100,24000,24018,18
node0_440,node0,node4,100,24000,24018,18
node0_441,node0,node5,100,24000,24018,18
node0_442,node0,node6,100,24000,24018,18
node0_443,node0,node7,100,24000,24018,18
node0_444,node0,node8,100,24000,24018,18
node0_445,node0,node9,100,24000,24018,18
node0_446,node0,node10,100,24000,24018,18
node0_447,node0,node11,100,24000,24018,18
node0_448,node0,node12,100,24000,24018,18
node0_449,node0,node13,100,24000,24018,18
node0_450,node0,node14,100,24000,24018,18
node0_451,node0,node15,100,24000,24018,18
node0_452,node0,node16,100,24000,24018,18
node0_453,node0,node17,100,24000,24018,18
node0_454,node0,node18,100,24000,24018,18
node0_455,node0,node19,100,24000,24018,18
node0_456,node0,node1,100,25000,25018,18
node0_457,node0,node2,100,25000,25018,18
node0_458,node0,node3,100,25000,25018,18
node0_459,node0,node4,100,25000,25018,18
node0_460,node0,node5,100,25000,25018,18
node0_461,node0,node6,100,25000,25018,18
node0_462,node0,node7,100,25000,25018,18
node0_463,node0,node8,100,25000,25018,18
node0_464,node0,node9,100,25000,25018,18
node0_465,node0,node10,100,25000,25018,18
node0_466,node0,node11,100,25000,25018,18
node0_467,node0,node12,100,25000,25018,18
node0_468,node0,node13,100,25000,25018,18
node0_469,node0,node14,100,25000,25018,18
node0_470,node0,node15,100,25000,25018,18
node0_471,node0,node16,100,25000,25018,18
node0_472,node0,node17,100,25000,25018,18
node0_473,node0,node18,100,25000,25018,18
node0_474,node0,node19,100,25000,25018,18
node0_475,node0,node1,100,26000,26018,18
node0_476,node0,node2,100,26000,26018,18
node0_477,node0,node3,100,26000,26018,18
node0_478,node0,node4,100,26000,26018,18
node0_479,node0,node5,100,26000,26018,18
node0_480,node0,node6,100,26000,26018,18
node0_481,node0,node7,100,26000,26018,18
node0_482,node0,node8,100,26000,26018,18
node0_483,node0,node9,100,26000,26018,18
node0_484,node0,node10,100,26000,26018,18
node0_485,node0,node11,100,26000,26018,18
node0_486,node0,node12,100,26000,26018,18
node0_487,node0,node13,100,26000,26018,18
node0_488,node0,node14,100,26000,26018,18
node0_489,node0,node15,100,26000,26018,18
node0_490,node0,node16,100,26000,26018,18
node0_491,node0,node17,100,26000,26018,18
node0_492,node0,node18,100,26000,26018,18
node0_493,node0,node19,100,26000,26018,18
node0_494,node0,node1,100,27000,27018,18
node0_495,node0,node2,100,27000,27018,18
node0_496,node0,node3,100,27000,27018,18
node0_497,node0,node4,100,27000,27018,18
node0_498,node0,node5,100,27000,27018,18
node0_499,node0,node6,100,27000,27018,18
node0_500,node0,node7,100,27000,27018,18
node0_501,node0,node8,100,27000,27018,18
node0_502,node0,node9,100,27000,27018,18
node0_503,node0,node10,100,27000,27018,18
node0_504,node0,node11,100,27000,27018,18
node0_505,node0,node12,100,27000,27018,18
node0_506,node0,node13,100,27000,27018,18
node0_507,node0,node14,100,27000,27018,18
node0_508,node0,node15,100,27000,27018,18
node0_509,node0,node16,100,27000,27018,18
node0_510,node0,node17,100,27000,27018,18
node0_511,node0,node18,100,27000,27018,18
node0_512,node0,node19,100,27000,27018,18
node0_513,node0,node1,100,28000,28018,18
node0_514,node0,node2,100,28000,28018,18
node0_515,node0,node3,100,28000,28018,18
node0_516,node0,node4,100,28000,28018,18
node0_517,node0,node5,100,28000,28018,18
node0_518,node0,node6,100,28000,28018,18
node0_519,node0,node7,100,28000,28018,18
node0_520,node0,node8,100,28000,28018,18
node0_521,node0,node9,100,28000,28018,18
node0_522,node0,node10,100,28000,28018,18
node0_523,node0,node11,100,28000,28018,18
node0_524,node0,node12,100,28000,28018,18
node0_525,node0,node13,100,28000,28018,18
node0_526,node0,node14,100,28000,28018,18
node0_527,node0,node15,100,28000,28018,18
node0_528,node0,node16,100,28000,28018,18
node0_529,node0,node17,100,28000,28018,18
node0_530,node0,node18,100,28000,28018,18
node0_531,node0,node19,100,28000,28018,18
node0_532,node0,node1,100,29000,29018,18
node0_533,node0,node2,100,29000,29018,18
node0_534,node0,node3,100,29000,29018,18
node0_535,node0,node4,100,29000,29018,18
node0_536,node0,node5,100,29000,29018,18
node0_537,node0,node6,100,29000,29018,18
node0_538,node0,node7,100,29000,29018,18
node0_539,node0,node8,100,29000,29018,18
node0_540,node0,node9,100,29000,29018,18
node0_541,node0,node10,100,29000,29018,18
node0_542,node0,node11,100,29000,29018,18
node0_543,node0,node12,100,29000,29018,18
node0_544,node0,node13,100,29000,29018,18
node0_545,node0,node14,100,29000,29018,18
node0_546,node0,node15,100,29000,29018,18
node0_547,node0,node16,100,29000,29018,18
node0_548,node0,node17,100,29000,29018,18
node0_549,node0,node18,100,29000,29018,18
node0_550,node0,node19,100,29000,29018,18
node0_551,node0,node1,100,30000,30018,18
node0_552,node0,node2,100,30000,30018,18
node0_553,node0,node3,100,30000,30018,18
node0_554,node0,node4,100,30000,30018,18
node0_555,node0,node5,100,30000,30018,18
node0_556,node0,node6,100,30000,30018,18
node0_557,node0,node7,100,30000,30018,18
node0_558,node0,node8,100,30000,30018,18
node0_559,node0,node9,100,30000,30018,18
node0_560,node0,node10,100,30000,30018,18
node0_561,node0,node11,100,30000,30018,18
node0_562,node0,node12,100,30000,30018,18
node0_563,node0,node13,100,30000,30018,18
node0_564,node0,node14,100,30000,30018,18
node0_565,node0,node15,100,30000,30018,18
node0_566,node0,node16,100,30000,30018,18
node0_567,node0,node17,100,30000,30018,18
node0_568,node0,node18,100,30000,30018,18
node0_569,node0,node19,100,30000,30018,18
node0_570,node0,node1,100,31000,31018,18
node0_571,node0,node2,100,31000,31018,18
node0_572,node0,node3,100,31000,31018,18
node0_573,node0,node4,100,31000,31018,18
node0_574,node0,node5,100,31000,31018,18
node0_575,node0,node6,100,31000,31018,18
node0_576,node0,node7,100,31000,31018,18
node0_577,node0,node8,100,31000,31018,18
node0_578,node0,node9,100,31000,31018,18
node0_579,node0,node10,100,31000,31018,18
node0_580,node0,node11,100,31000,31018,18
node0_581,node0,node12,100,31000,31018,18
node0_582,node0,node13,100,31000,31018,18
node0_583,node0,node14,100,31000,31018,18
node0_584,node0,node15,100,31000,31018,18
node0_585,node0,node16,100,31000,31018,18
node0_586,node0,node17,100,31000,31018,18
node0_587,node0,node18,100,31000,31018,18
node0_588,node0,node19,100,31000,31018,18
node0_589,node0,node1,100,32000,32018,18
node0_590,node0,node2,100,32000,32018,18
node0_591,node0,node3,100,32000,32018,18
node0_592,node0,node4,100,32000,32018,18
node0_593,node0,node5,100,32000,32018,18
node0_594,node0,node6,100,32000,32018,18
node0_595,node0,node7,100,32000,32018,18
node0_596,node0,node8,100,32000,32018,18
node0_597,node0,node9,100,32000,32018,18
node0_598,node0,node10,100,32000,32018,18
node0_599,node0,node11,100,32000,32018,18
node0_600,node0,node12,100,32000,32018,18
node0_601,node0,node13,100,32000,32018,18
node0_602,node0,node14,100,32000,32018,18
node0_603,node0,node15,100,32000,32018,18
node0_604,node0,node16,100,32000,32018,18
node0_605,node0,node17,100,32000,32018,18
node0_606,node0,node18,100,32000,32018,18
node0_607,node0,node19,100,32000,32018,18
node0_608,node0,node1,100,33000,33018,18
node0_609,node0,node2,100,33000,33018,18
node0_610,node0,node3,100,33000,33018,18
node0_611,node0,node4,100,33000,33018,18
node0_612,node0,node5,100,33000,33018,18
node0_613,node0,node6,100,33000,33018,18
node0_614,node0,node7,100,33000,33018,18
node0_615,node0,node8,100,33000,33018,18
node0_616,node0,node9,100,33000,33018,18
node0_617,node0,node10,100,33000,33018,18
node0_618,node0,node11,100,33000,33018,18
node0_619,node0,node12,100,33000,33018,18
node0_620,node0,node13,100,33000,33018,18
node0_621,node0,node14,100,33000,33018,18
node0_622,node0,node15,100,33000,33018,18
node0_623,node0,node16,100,33000,33018,18
node0_624,node0,node17,100,33000,33018,18
node0_625,node0,node18,100,33000,33018,18
node0_626,node0,node19,100,33000,33018,18
node0_627,node0,node1,100,34000,34018,18
node0_628,node0,node2,100,34000,34018,18
node0_629,node0,node3,100,34000,34018,18
node0_630,node0,node4,100,34000,34018,18
node0_631,node0,node5,100,34000,34018,18
node0_632,node0,node6,100,34000,34018,18
node0_633,node0,node7,100,34000,34018,18
node0_634,node0,node8,100,34000,34018,18
node0_635,node0,node9,100,34000,34018,18
node0_636,node0,node10,100,34000,34018,18
node0_637,node0,node11,100,34000,34018,18
node0_638,node0,node12,100,34000,34018,18
node0_639,node0,node13,100,34000,34018,18
node0_640,node0,node14,100,34000,34018,18
node0_641,node0,node15,100,34000,34018,18
node0_642,node0,node16,100,34000,34018,18
node0_643,node0,node17,100,34000,34018,18
node0_644,node0,node18,100,34000,34018,18
node0_645,node0,node19,100,34000,34018,18
node0_646,node0,node1,100,35000,35018,18
node0_647,node0,node2,100,35000,35018,18
node0_648,node0,node3,100,35000,35018,18
node0_649,node0,node4,100,35000,35018,18
node0_650,node0,node5,100,35000,35018,18
node0_651,node0,node6,100,35000,35018,18
node0_652,node0,node7,100,35000,35018,18
node0_653,node0,node8,100,35000,35018,18
node0_654,node0,node9,100,35000,35018,18
node0_655,node0,node10,100,35000,35018,18
node0_656,node0,node11,100,35000,35018,18
node0_657,node0,node12,100,35000,35018,18
node0_658,node0,node13,100,35000,35018,18
node0_659,node0,node14,100,35000,35018,18
node0_660,node0,node15,100,35000,35018,18
node0_661,node0,node16,100,35000,35018,18
node0_662,node0,node17,100,35000,35018,18
node0_663,node0,node18,100,35000,35018,18
node0_664,node0,node19,100,35000,35018,18
node0_665,node0,node1,100,36000,36018,18
node0_666,node0,node2,100,36000,36018,18
node0_667,node0,node3,100,36000,36018,18
node0_668,node0,node4,100,36000,36018,18
node0_669,node0,node5,100,36000,36018,18
node0_670,node0,node6,100,36000,36018,18
node0_671,node0,node7,100,36000,36018,18
node0_672,node0,node8,100,36000,36018,18
node0_673,node0,node9,100,36000,36018,18
node0_674,node0,node10,100,36000,36018,18
node0_675,node0,node11,100,36000,36018,18
node0_676,node0,node12,100,36000,36018,18
node0_677,node0,node13,100,36000,36018,18
node0_678,node0,node14,100,36000,36018,18
node0_679,node0,node15,100,36000,36018,18
node0_680,node0,node16,100,36000,36018,18
node0_681,node0,node17,100,36000,36018,18
node0_682,node0,node18,100,36000,36018,18
node0_683,node0,node19,100,36000,36018,18
node0_684,node0,node1,100,37000,37018,18
node0_685,node0,node2,100,37000,37018,18
node0_686,node0,node3,100,37000,37018,18
node0_687,node0,node4,100,37000,37018,18
node0_688,node0,node5,100,37000,37018,18
node0_689,node0,node6,100,37000,37018,18
node0_690,node0,node7,100,37000,37018,18
node0_691,node0,node8,100,37000,37018,18
node0_692,node0,node9,100,37000,37018,18
node0_693,node0,node10,100,37000,37018,18
node0_694,node0,node11,100,37000,37018,18
node0_695,node0,node12,100,37000,37018,18
node0_696,node0,node13,100,37000,37018,18
node0_697,node0,node14,100,37000,37018,18
node0_698,node0,node15,100,37000,37018,18
node0_699,node0,node16,100,37000,37018,18
node0_700,node0,node17,100,37000,37018,18
node0_701,node0,node18,100,37000,37018,18
node0_702,node0,node19,100,37000,37018,18
node0_703,node0,node1,100,38000,38018,18
node0_704,node0,node2,100,38000,38018,18
node0_705,node0,node3,100,38000,38018,18
node0_706,node0,node4,100,38000,38018,18
node0_707,node0,node5,100,38000,38018,18
node0_708,node0,node6,100,38000,38018,18
node0_709,node0,node7,100,38000,38018,18
node0_710,node0,node8,100,38000,38018,18
node0_711,node0,node9,100,38000,38018,18
node0_712,node0,node10,100,38000,38018,18
node0_713,node0,node11,100,38000,38018,18
node0_714,node0,node12,100,38000,38018,18
node0_715,node0,node13,100,38000,38018,18
node0_716,node0,node14,100,38000,38018,18
node0_717,node0,node15,100,38000,38018,18
node0_718,node0,node16,100,38000,38018,18
node0_719,node0,node17,100,38000,38018,18
node0_720,node0,node18,100,38000,38018,18
node0_721,node0,node19,100,38000,38018,18
node0_722,node0,node1,100,39000,39018,18
node0_723,node0,node2,100,39000,39018,18
node0_724,node0,node3,100,39000,39018,18
node0_725,node0,node4,100,39000,39018,18
node0_726,node0,node5,100,39000,39018,18
node0_727,node0,node6,100,39000,39018,18
node0_728,node0,node7,100,39000,39018,18
node0_729,node0,node8,100,39000,39018,18
node0_730,node0,node9,100,39000,39018,18
node0_731,node0,node10,100,39000,39018,18
node0_732,node0,node11,100,39000,39018,18
node0_733,node0,node12,100,39000,39018,18
node0_734,node0,node13,100,39000,39018,18
node0_735,node0,node14,100,39000,39018,18
node0_736,node0,node15,100,39000,39018,18
node0_737,node0,node16,100,39000,39018,18
node0_738,node0,node17,100,39000,39018,18
node0_739,node0,node18,100,39000,39018,18
node0_740,node0,node19,100,39000,39018,18
node0_741,node0,node1,100,40000,40018,18
node0_742,node0,node2,100,40000,40018,18
node0_743,node0,node3,100,40000,40018,18
node0_744,node0,node4,100,40000,40018,18
node0_745,node0,node5,100,40000,40018,18
node0_746,node0,node6,100,40000,40018,18
node0_747,node0,node7,100,40000,40018,18
node0_748,node0,node8,100,40000,40018,18
node0_749,node0,node9,100,40000,40018,18
node0_750,node0,node10,100,40000,40018,18
node0_751,node0,node11,100,40000,40018,18
node0_752,node0,node12,100,40000,40018,18
node0_753,node0,node13,100,40000,40018,18
node0_754,node0,node14,100,40000,40018,18
node0_755,node0,node15,100,40000,40018,18
node0_756,node0,node16,100,40000,40018,18
node0_757,node0,node17,100,40000,40018,18
node0_758,node0,node18,100,40000,40018,18
node0_759,node0,node19,100,40000,40018,18
node0_760,node0,node1,100,41000,41018,18
node0_761,node0,node2,100,41000,41018,18
node0_762,node0,node3,100,41000,41018,18
node0_763,node0,node4,100,41000,41018,18
node0_764,node0,node5,100,41000,41018,18
node0_765,node0,node6,100,41000,41018,18
node0_766,node0,node7,100,41000,41018,18
node0_767,node0,node8,100,41000,41018,18
node0_768,node0,node9,100,41000,41018,18
node0_769,node0,node10,100,41000,41018,18
node0_770,node0,node11,100,41000,41018,18
node0_771,node0,node12,100,41000,41018,18
node0_772,node0,node13,100,41000,41018,18
node0_773,node0,node14,100,41000,41018,18
node0_774,node0,node15,100,41000,41018,18
node0_775,node0,node16,100,41000,41018,18
node0_776,node0,node17,100,41000,41018,18
node0_777,node0,node18,100,41000,41018,18
node0_778,node0,node19,100,41000,41018,18
node0_779,node0,node1,100,42000,42018,18
node0_780,node0,node2,100,42000,42018,18
node0_781,node0,node3,100,42000,42018,18
node0_782,node0,node4,100,42000,42018,18
node0_783,node0,node5,100,42000,42018,18
node0_784,node0,node6,100,42000,42018,18
node0_785,node0,node7,100,42000,42018,18
node0_786,node0,node8,100,42000,42018,18
node0_787,node0,node9,100,42000,42018,18
node0_788,node0,node10,100,42000,42018,18
node0_789,node0,node11,100,42000,42018,18
node0_790,node0,node12,100,42000,42018,18
node0_791,node0,node13,100,42000,42018,18
node0_792,node0,node14,100,42000,42018,18
node0_793,node0,node15,100,42000,42018,18
node0_794,node0,node16,100,42000,42018,18
node0_795,node0,node17,100,42000,42018,18
node0_796,node0,node18,100,42000,42018,18
node0_797,node0,node19,100,42000,42018,18
node0_798,node0,node1,100,43000,43018,18
node0_799,node0,node2,100,43000,43018,18
node0_800,node0,node3,100,43000,43018,18
node0_801,node0,node4,100,43000,43018,18
node0_802,node0,node5,100,43000,43018,18
node0_803,node0,node6,100,43000,43018,18
node0_804,node0,node7,100,43000,43018,18
node0_805,node0,node8,100,43000,43018,18
node0_806,node0,node9,100,43000,43018,18
node0_807,node0,node10,100,43000,43018,18
node0_808,node0,node11,100,43000,43018,18
node0_809,node0,node12,100,43000,43018,18
node0_810,node0,node13,100,43000,43018,18
node0_811,node0,node14,100,43000,43018,18
node0_812,node0,node15,100,43000,43018,18
node0_813,node0,node16,100,43000,43018,18
node0_814,node0,node17,100,43000,43018,18
node0_815,node0,node18,100,43000,43018,18
node0_816,node0,node19,100,43000,43018,18
node0_817,node0,node1,100,44000,44018,18
node0_818,node0,node2,100,44000,44018,18
node0_819,node0,node3,100,44000,44018,18
node0_820,node0,node4,100,44000,44018,18
node0_821,node0,node5,100,44000,44018,18
node0_822,node0,node6,100,44000,44018,18
node0_823,node0,node7,100,44000,44018,18
node0_824,node0,node8,100,44000,44018,18
node0_825,node0,node9,100,44000,44018,18
node0_826,node0,node10,100,44000,44018,18
node0_827,node0,node11,100,44000,44018,18
node0_828,node0,node12,100,44000,44018,18
node0_829,node0,node13,100,44000,44018,18
node0_830,node0,node14,100,44000,44018,18
node0_831,node0,node15,100,44000,44018,18
node0_832,node0,node16,100,44000,44018,18
node0_833,node0,node17,100,44000,44018,18
node0_834,node0,node18,100,44000,44018,18
node0_835,node0,node19,100,44000,44018,18
node0_836,node0,node1,100,45000,45018,18
node0_837,node0,node2,100,45000,45018,18
node0_838,node0,node3,100,45000,45018,18
node0_839,node0,node4,100,45000,45018,18
node0_840,node0,node5,100,45000,45018,18
node0_841,node0,node6,100,45000,45018,18
node0_842,node0,node7,100,45000,45018,18
node0_843,node0,node8,100,45000,45018,18
node0_844,node0,node9,100,45000,45018,18
node0_845,node0,node10,100,45000,45018,18
node0_846,node0,node11,100,45000,45018,18
node0_847,node0,node12,100,45000,45018,18
node0_848,node0,node13,100,45000,45018,18
node0_849,node0,node14,100,45000,45018,18
node0_850,node0,node15,100,45000,45018,18
node0_851,node0,node16,100,45000,45018,18
node0_852,node0,node17,100,45000,45018,18
node0_853,node0,node18,100,45000,45018,18
node0_854,node0,node19,100,45000,45018,18
node0_855,node0,node1,100,46000,46018,18
node0_856,node0,node2,100,46000,46018,18
node0_857,node0,node3,100,46000,46018,18
node0_858,node0,node4,100,46000,46018,18
node0_859,node0,node5,100,46000,46018,18
node0_860,node0,node6,100,46000,46018,18
node0_861,node0,node7,100,46000,46018,18
node0_862,node0,node8,100,46000,46018,18
node0_863,node0,node9,100,46000,46018,18
node0_864,node0,node10,100,46000,46018,18
node0_865,node0,node11,100,46000,46018,18
node0_866,node0,node12,100,46000,46018,18
node0_867,node0,node13,100,46000,46018,18
node0_868,node0,node14,100,46000,46018,18
node0_869,node0,node15,100,46000,46018,18
node0_870,node0,node16,100,46000,46018,18
node0_871,node0,node17,100,46000,46018,18
node0_872,node0,node18,100,46000,46018,18
node0_873,node0,node19,100,46000,46018,18
node0_874,node0,node1,100,47000,47018,18
node0_875,node0,node2,100,47000,47018,18
node0_876,node0,node3,100,47000,47018,18
node0_877,node0,node4,100,47000,47018,18
node0_878,node0,node5,100,47000,47018,18
node0_879,node0,node6,100,47000,47018,18
node0_880,node0,node7,100,47000,47018,18
node0_881,node0,node8,100,47000,47018,18
node0_882,node0,node9,100,47000,47018,18
node0_883,node0,node10,100,47000,47018,18
node0_884,node0,node11,100,47000,47018,18
node0_885,node0,node12,100,47000,47018,18
node0_886,node0,node13,100,47000,47018,18
node0_887,node0,node14,100,47000,47018,18
node0_888,node0,node15,100,47000,47018,18
node0_889,node0,node16,100,47000,47018,18
node0_890,node0,node17,100,47000,47018,18
node0_891,node0,node18,100,47000,47018,18
node0_892,node0,node19,100,47000,47018,18
node0_893,node0,node1,100,48000,48018,18
node0_894,node0,node2,100,48000,48018,18
node0_895,node0,node3,100,48000,48018,18
node0_896,node0,node4,100,48000,48018,18
node0_897,node0,node5,100,48000,48018,18
node0_898,node0,node6,100,48000,48018,18
node0_899,node0,node7,100,48000,48018,18
node0_900,node0,node8,100,48000,48018,18
node0_901,node0,node9,100,48000,48018,18
node0_902,node0,node10,100,48000,48018,18
node0_903,node0,node11,100,48000,48018,18
node0_904,node0,node12,100,48000,48018,18
node0_905,node0,node13,100,48000,48018,18
node0_906,node0,node14,100,48000,48018,18
node0_907,node0,node15,100,48000,48018,18
node0_908,node0,node16,100,48000,48018,18
node0_909,node0,node17,100,48000,48018,18
node0_910,node0,node18,100,48000,48018,18
node0_911,node0,node19,100,48000,48018,18
node0_912,node0,node1,100,49000,49018,18
node0_913,node0,node2,100,49000,49018,18
node0_914,node0,node3,100,49000,49018,18
node0_915,node0,node4,100,49000,49018,18
node0_916,node0,node5,100,49000,49018,18
node0_917,node0,node6,100,49000,49018,18
node0_918,node0,node7,100,49000,49018,18
node0_919,node0,node8,100,49000,49018,18
node0_920,node0,node9,100,49000,49018,18
node0_921,node0,node10,100,49000,49018,18
node0_922,node0,node11,100,49000,49018,18
node0_923,node0,node12,100,49000,49018,18
node0_924,node0,node13,100,49000,49018,18
node0_925,node0,node14,100,49000,49018,18
node0_926,node0,node15,100,49000,49018,18
node0_927,node0,node16,100,49000,49018,18
node0_928,node0,node17,100,49000,49018,18
node0_929,node0,node18,100,49000,49018,18
node0_930,node0,node19,100,49000,49018,18
node0_931,node0,node1,100,50000,50018,18
node0_932,node0,node2,100,50000,50018,18
node0_933,node0,node3,100,50000,50018,18
node0_934,node0,node4,100,50000,50018,18
node0_935,node0,node5,100,50000,50018,18
node0_936,node0,node6,100,50000,50018,18
node0_937,node0,node7,100,50000,50018,18
node0_938,node0,node8,100,50000,50018,18
node0_939,node0,node9,100,50000,50018,18
node0_940,node0,node10,100,50000,50018,18
node0_941,node0,node11,100,50000,50018,18
node0_942,node0,node12,100,50000,50018,18
node0_943,node0,node13,100,50000,50018,18
node0_944,node0,node14,100,50000,50018,18
node0_945,node0,node15,100,50000,50018,18
node0_946,node0,node16,100,50000,50018,18
node0_947,node0,node17,100,50000,50018,18
node0_948,node0,node18,100,50000,50018,18
node0_949,node0,node19,100,50000,50018,18
node0_950,node0,node1,100,51000,51018,18
node0_951,node0,node2,100,51000,51018,18
node0_952,node0,node3,100,51000,51018,18
node0_953,node0,node4,100,51000,51018,18
node0_954,node0,node5,100,51000,51018,18
node0_955,node0,node6,100,51000,51018,18
node0_956,node0,node7,100,51000,51018,18
node0_957,node0,node8,100,51000,51018,18
node0_958,node0,node9,100,51000,51018,18
node0_959,node0,node10,100,51000,51018,18
node0_960,node0,node11,100,51000,51018,18
node0_961,node0,node12,100,51000,51018,18
node0_962,node0,node13,100,51000,51018,18
node0_963,node0,node14,100,51000,51018,18
node0_964,node0,node15,100,51000,51018,18
node0_965,node0,node16,100,51000,51018,18
node0_966,node0,node17,100,51000,51018,18
node0_967,node0,node18,100,51000,51018,18
node0_968,node0,node19,100,51000,51018,18
node0_969,node0,node1,100,52000,52018,18
node0_970,node0,node2,100,52000,52018,18
node0_971,node0,node3,100,52000,52018,18
node0_972,node0,node4,100,52000,52018,18
node0_973,node0,node5,100,52000,52018,18
node0_974,node0,node6,100,52000,52018,18
node0_975,node0,node7,100,52000,52018,18
node0_976,node0,node8,100,52000,52018,18
node0_977,node0,node9,100,52000,52018,18
node0_978,node0,node10,100,52000,52018,18
node0_979,node0,node11,100,52000,52018,18
node0_980,node0,node12,100,52000,52018,18
node0_981,node0,node13,100,52000,52018,18
node0_982,node0,node14,100,52000,52018,18
node0_983,node0,node15,100,52000,52018,18
node0_984,node0,node16,100,52000,52018,18
node0_985,node0,node17,100,52000,52018,18
node0_986,node0,node18,100,52000,52018,18
node0_987,node0,node19,100,52000,52018,18
node0_988,node0,node1,100,53000,53018,18
node0_989,node0,node2,100,53000,53018,18
node0_990,node0,node3,100,53000,53018,18
node0_991,node0,node4,100,53000,53018,18
node0_992,node0,node5,100,53000,53018,18
node0_993,node0,node6,100,53000,53018,18
node0_994,node0,node7,100,53000,53018,18
node0_995,node0,node8,100,53000,53018,18
node0_996,node0,node9,100,53000,53018,18
node0_997,node0,node10,100,53000,53018,18
node0_998,node0,node11,100,53000,53018,18
node0_999,node0,node12,100,53000,53018,18
node0_1000,node0,node13,100,53000,53018,18
node0_1001,node0,node14,100,53000,53018,18
node0_1002,node0,node15,100,53000,53018,18
node0_1003,node0,node16,100,53000,53018,18
node0_1004,node0,node17,100,53000,53018,18
node0_1005,node0,node18,100,53000,53018,18
node0_1006,node0,node19,100,53000,53018,18
node0_1007,node0,node1,100,54000,54018,18
node0_1008,node0,node2,100,54000,54018,18
node0_1009,node0,node3,100,54000,54018,18
node0_1010,node0,node4,100,54000,54018,18
node0_1011,node0,node5,100,54000,54018,18
node0_1012,node0,node6,100,54000,54018,18
node0_1013,node0,node7,100,54000,54018,18
node0_1014,node0,node8,100,54000,54018,18
node0_1015,node0,node9,100,54000,54018,18
node0_1016,node0,node10,100,54000,54018,18
node0_1017,node0,node11,100,54000,54018,18
node0_1018,node0,node12,100,54000,54018,18
node0_1019,node0,node13,100,54000,54018,18
node0_1020,node0,node14,100,54000,54018,18
node0_1021,node0,node15,100,54000,54018,18
node0_1022,node0,node16,100,54000,54018,18
node0_1023,node0,node17,100,54000,54018,18
node0_1024,node0,node18,100,54000,54018,18
node0_1025,node0,node19,100,54000,54018,18
node0_1026,node0,node1,100,55000,55018,18
node0_1027,node0,node2,100,55000,55018,18
node0_1028,node0,node3,100,55000,55018,18
node0_1029,node0,node4,100,55000,55018,18
node0_1030,node0,node5,100,55000,55018,18
node0_1031,node0,node6,100,55000,55018,18
node0_1032,node0,node7,100,55000,55018,18
node0_1033,node0,node8,100,55000,55018,18
node0_1034,node0,node9,100,55000,55018,18
node0_1035,node0,node10,100,55000,55018,18
node0_1036,node0,node11,100,55000,55018,18
node0_1037,node0,node12,100,55000,55018,18
node0_1038,node0,node13,100,55000,55018,18
node0_1039,node0,node14,100,55000,55018,18
node0_1040,node0,node15,100,55000,55018,18
node0_1041,node0,node16,100,55000,55018,18
node0_1042,node0,node17,100,55000,55018,18
node0_1043,node0,node18,100,55000,55018,18
node0_1044,node0,node19,100,55000,55018,18
node0_1045,node0,node1,100,56000,56018,18
node0_1046,node0,node2,100,56000,56018,18
node0_1047,node0,node3,100,56000,56018,18
node0_1048,node0,node4,100,56000,56018,18
node0_1049,node0,node5,100,56000,56018,18
node0_1050,node0,node6,100,56000,56018,18
node0_1051,node0,node7,100,56000,56018,18
node0_1052,node0,node8,100,56000,56018,18
node0_1053,node0,node9,100,56000,56018,18
node0_1054,node0,node10,100,56000,56018,18
node0_1055,node0,node11,100,56000,56018,18
node0_1056,node0,node12,100,56000,56018,18
node0_1057,node0,node13,100,56000,56018,18
node0_1058,node0,node14,100,56000,56018,18
node0_1059,node0,node15,100,56000,56018,18
node0_1060,node0,node16,100,56000,56018,18
node0_1061,node0,node17,100,56000,56018,18
node0_1062,node0,node18,100,56000,56018,18
node0_1063,node0,node19,100,56000,56018,18
node0_1064,node0,node1,100,57000,57018,18
node0_1065,node0,node2,100,57000,57018,18
node0_1066,node0,node3,100,57000,57018,18
node0_1067,node0,node4,100,57000,57018,18
node0_1068,node0,node5,100,57000,57018,18
node0_1069,node0,node6,100,57000,57018,18
node0_1070,node0,node7,100,57000,57018,18
node0_1071,node0,node8,100,57000,57018,18
node0_1072,node0,node9,100,57000,57018,18
node0_1073,node0,node10,100,57000,57018,18
node0_1074,node0,node11,100,57000,57018,18
node0_1075,node0,node12,100,57000,57018,18
node0_1076,node0,node13,100,57000,57018,18
node0_1077,node0,node14,100,57000,57018,18
node0_1078,node0,node15,100,57000,57018,18
node0_1079,node0,node16,100,57000,57018,18
node0_1080,node0,node17,100,57000,57018,18
node0_1081,node0,node18,100,57000,57018,18
node0_1082,node0,node19,100,57000,57018,18
node0_1083,node0,node1,100,58000,58018,18
node0_1084,node0,node2,100,58000,58018,18
node0_1085,node0,node3,100,58000,58018,18
node0_1086,node0,node4,100,58000,58018,18
node0_1087,node0,node5,100,58000,58018,18
node0_1088,node0,node6,100,58000,58018,18
node0_1089,node0,node7,100,58000,58018,18
node0_1090,node0,node8,100,58000,58018,18
node0_1091,node0,node9,100,58000,58018,18
node0_1092,node0,node10,100,58000,58018,18
node0_1093,node0,node11,100,58000,58018,18
node0_1094,node0,node12,100,58000,58018,18
node0_1095,node0,node13,100,58000,58018,18
node0_1096,node0,node14,100,58000,58018,18
node0_1097,node0,node15,100,58000,58018,18
node0_1098,node0,node16,100,58000,58018,18
node0_1099,node0,node17,100,58000,58018,18
node0_1100,node0,node18,100,58000,58018,18
node0_1101,node0,node19,100,58000,58018,18
node0_1102,node0,node1,100,59000,59018,18
node0_1103,node0,node2,100,59000,59018,18
node0_1104,node0,node3,100,59000,59018,18
node0_1105,node0,node4,100,59000,59018,18
node0_1106,node0,node5,100,59000,59018,18
node0_1107,node0,node6,100,59000,59018,18
node0_1108,node0,node7,100,59000,59018,18
node0_1109,node0,node8,100,59000,59018,18
node0_1110,node0,node9,100,59000,59018,18
node0_1111,node0,node10,100,59000,59018,18
node0_1112,node0,node11,100,59000,59018,18
node0_1113,node0,node12,100,59000,59018,18
node0_1114,node0,node13,100,59000,59018,18
node0_1115,node0,node14,100,59000,59018,18
node0_1116,node0,node15,100,59000,59018,18
node0_1117,node0,node16,100,59000,59018,18
node0_1118,node0,node17,100,59000,59018,18
node0_1119,node0,node18,100,59000,59018,18
node0_1120,node0,node19,100,59000,59018,18
