msg_id,sender,receiver,payload_size_B,time_send_ms,time_receive_ms,actual_delay_ms,online_predicted_delay_ms,cluster_predicted_delay_ms,weighted_predicted_delay_ms,sender_average_outgoing_delay_ms,sender_average_incoming_delay_ms,sender_num_messages_sent_simultaneously,receiver_average_outgoing_delay_ms,receiver_average_incoming_delay_ms,receiver_num_messages_sent_simultaneously,network_average_delay_ms,network_num_messages_in_transit,network_num_busy_links,network_num_network_nodes,network_num_messages_sent_simultaneously
msg_0,node49,node0,225,145,146,1.0,,2,,,,49,,,0,,49,49,50,49
msg_1,node49,node1,225,145,147,,1.0,3,2.0,1.0,,49,,,0,1.0,48,48,50,49
msg_2,node49,node2,225,145,147,,1.0,3,2.0,1.0,,49,,,0,1.0,48,48,50,49
msg_3,node49,node3,225,145,147,,1.0,3,2.0,1.0,,49,,,0,1.0,48,48,50,49
msg_4,node49,node4,225,145,147,,1.0,3,2.0,1.0,,49,,,0,1.0,48,48,50,49
msg_5,node49,node5,225,145,147,,1.0,3,2.0,1.0,,49,,,0,1.0,48,48,50,49
msg_6,node49,node6,225,145,147,,1.0,3,2.0,1.0,,49,,,0,1.0,48,48,50,49
msg_7,node49,node7,225,145,147,,1.0,3,2.0,1.0,,49,,,0,1.0,48,48,50,49
msg_8,node49,node8,225,145,147,,1.0,3,2.0,1.0,,49,,,0,1.0,48,48,50,49
msg_9,node49,node9,225,145,147,,1.0,3,2.0,1.0,,49,,,0,1.0,48,48,50,49
msg_10,node49,node10,227,145,147,,1.0,3,2.0,1.0,,49,,,0,1.0,48,48,50,49
msg_11,node49,node11,227,145,147,,1.0,3,2.0,1.0,,49,,,0,1.0,48,48,50,49
msg_12,node49,node12,227,145,147,,1.0,3,2.0,1.0,,49,,,0,1.0,48,48,50,49
msg_13,node49,node13,227,145,147,,1.0,3,2.0,1.0,,49,,,0,1.0,48,48,50,49
msg_14,node49,node14,227,145,147,,1.0,3,2.0,1.0,,49,,,0,1.0,48,48,50,49
msg_15,node49,node15,227,145,147,,1.0,3,2.0,1.0,,49,,,0,1.0,48,48,50,49
msg_16,node49,node16,227,145,147,,1.0,3,2.0,1.0,,49,,,0,1.0,48,48,50,49
msg_17,node49,node17,227,145,147,,1.0,3,2.0,1.0,,49,,,0,1.0,48,48,50,49
msg_18,node49,node18,227,145,147,,1.0,3,2.0,1.0,,49,,,0,1.0,48,48,50,49
msg_19,node49,node19,227,145,147,,1.0,3,2.0,1.0,,49,,,0,1.0,48,48,50,49
msg_20,node49,node20,227,145,147,,1.0,3,2.0,1.0,,49,,,0,1.0,48,48,50,49
msg_21,node49,node21,227,145,147,,1.0,3,2.0,1.0,,49,,,0,1.0,48,48,50,49
msg_22,node49,node22,227,145,147,,1.0,3,2.0,1.0,,49,,,0,1.0,48,48,50,49
msg_23,node49,node23,227,145,147,,1.0,3,2.0,1.0,,49,,,0,1.0,48,48,50,49
msg_24,node49,node24,227,145,147,,1.0,3,2.0,1.0,,49,,,0,1.0,48,48,50,49
msg_25,node49,node25,227,145,147,,1.0,3,2.0,1.0,,49,,,0,1.0,48,48,50,49
msg_26,node49,node26,227,145,147,,1.0,3,2.0,1.0,,49,,,0,1.0,48,48,50,49
msg_27,node49,node27,227,145,147,,1.0,3,2.0,1.0,,49,,,0,1.0,48,48,50,49
msg_28,node49,node28,227,145,147,,1.0,3,2.0,1.0,,49,,,0,1.0,48,48,50,49
msg_29,node49,node29,227,145,147,,1.0,3,2.0,1.0,,49,,,0,1.0,48,48,50,49
msg_30,node49,node30,227,145,147,,1.0,3,2.0,1.0,,49,,,0,1.0,48,48,50,49
msg_31,node49,node31,227,145,147,,1.0,3,2.0,1.0,,49,,,0,1.0,48,48,50,49
msg_32,node49,node32,227,145,147,,1.0,3,2.0,1.0,,49,,,0,1.0,48,48,50,49
msg_33,node49,node33,227,145,147,,1.0,3,2.0,1.0,,49,,,0,1.0,48,48,50,49
msg_34,node49,node34,227,145,147,,1.0,3,2.0,1.0,,49,,,0,1.0,48,48,50,49
msg_35,node49,node35,227,145,147,,1.0,3,2.0,1.0,,49,,,0,1.0,48,48,50,49
msg_36,node49,node36,227,145,147,,1.0,3,2.0,1.0,,49,,,0,1.0,48,48,50,49
msg_37,node49,node37,227,145,147,,1.0,3,2.0,1.0,,49,,,0,1.0,48,48,50,49
msg_38,node49,node38,227,145,147,,1.0,3,2.0,1.0,,49,,,0,1.0,48,48,50,49
msg_39,node49,node39,227,145,147,,1.0,3,2.0,1.0,,49,,,0,1.0,48,48,50,49
msg_40,node49,node40,227,145,147,,1.0,3,2.0,1.0,,49,,,0,1.0,48,48,50,49
msg_41,node49,node41,227,145,147,,1.0,3,2.0,1.0,,49,,,0,1.0,48,48,50,49
msg_42,node49,node42,227,145,147,,1.0,3,2.0,1.0,,49,,,0,1.0,48,48,50,49
msg_43,node49,node43,227,145,147,,1.0,3,2.0,1.0,,49,,,0,1.0,48,48,50,49
msg_44,node49,node44,227,145,147,,1.0,3,2.0,1.0,,49,,,0,1.0,48,48,50,49
msg_45,node49,node45,227,145,147,,1.0,3,2.0,1.0,,49,,,0,1.0,48,48,50,49
msg_46,node49,node46,227,145,147,,1.0,3,2.0,1.0,,49,,,0,1.0,48,48,50,49
msg_47,node49,node47,227,145,147,,1.0,3,2.0,1.0,,49,,,0,1.0,48,48,50,49
msg_48,node49,node48,227,145,147,,1.0,3,2.0,1.0,,49,,,0,1.0,48,48,50,49
msg_49,node49,node0,226,2025,2025,,1.0,0,0.0,1.9795918367346939,,49,,1.0,0,1.9795918367346939,49,49,50,49
msg_50,node49,node1,226,2025,2025,,1.0,2,1.0,1.9795918367346939,,49,,2.0,0,1.9795918367346939,49,49,50,49
msg_51,node49,node2,226,2025,2025,,1.0,2,1.0,1.9795918367346939,,49,,2.0,0,1.9795918367346939,49,49,50,49
msg_52,node49,node3,226,2025,2025,,1.0,2,1.0,1.9795918367346939,,49,,2.0,0,1.9795918367346939,49,49,50,49
msg_53,node49,node4,226,2025,2025,,1.0,2,1.0,1.9795918367346939,,49,,2.0,0,1.9795918367346939,49,49,50,49
msg_54,node49,node5,226,2025,2025,,1.0,2,1.0,1.9795918367346939,,49,,2.0,0,1.9795918367346939,49,49,50,49
msg_55,node49,node6,226,2025,2025,,1.0,2,1.0,1.9795918367346939,,49,,2.0,0,1.9795918367346939,49,49,50,49
msg_56,node49,node7,226,2025,2025,,1.0,2,1.0,1.9795918367346939,,49,,2.0,0,1.9795918367346939,49,49,50,49
msg_57,node49,node8,226,2025,2025,,1.0,2,1.0,1.9795918367346939,,49,,2.0,0,1.9795918367346939,49,49,50,49
msg_58,node49,node9,226,2025,2025,,1.0,2,1.0,1.9795918367346939,,49,,2.0,0,1.9795918367346939,49,49,50,49
msg_59,node49,node10,227,2025,2025,,1.0,2,1.0,1.9795918367346939,,49,,2.0,0,1.9795918367346939,49,49,50,49
msg_60,node49,node11,227,2025,2025,,1.0,2,1.0,1.9795918367346939,,49,,2.0,0,1.9795918367346939,49,49,50,49
msg_61,node49,node12,227,2025,2025,,1.0,2,1.0,1.9795918367346939,,49,,2.0,0,1.9795918367346939,49,49,50,49
msg_62,node49,node13,227,2025,2025,,1.0,2,1.0,1.9795918367346939,,49,,2.0,0,1.9795918367346939,49,49,50,49
msg_63,node49,node14,227,2025,2025,,1.0,2,1.0,1.9795918367346939,,49,,2.0,0,1.9795918367346939,49,49,50,49
msg_64,node49,node15,227,2025,2025,,1.0,2,1.0,1.9795918367346939,,49,,2.0,0,1.9795918367346939,49,49,50,49
msg_65,node49,node16,227,2025,2025,,1.0,2,1.0,1.9795918367346939,,49,,2.0,0,1.9795918367346939,49,49,50,49
msg_66,node49,node17,227,2025,2025,,1.0,2,1.0,1.9795918367346939,,49,,2.0,0,1.9795918367346939,49,49,50,49
msg_67,node49,node18,227,2025,2025,,1.0,2,1.0,1.9795918367346939,,49,,2.0,0,1.9795918367346939,49,49,50,49
msg_68,node49,node19,227,2025,2025,,1.0,2,1.0,1.9795918367346939,,49,,2.0,0,1.9795918367346939,49,49,50,49
msg_69,node49,node20,227,2025,2025,,1.0,2,1.0,1.9795918367346939,,49,,2.0,0,1.9795918367346939,49,49,50,49
msg_70,node49,node21,227,2025,2025,,1.0,2,1.0,1.9795918367346939,,49,,2.0,0,1.9795918367346939,49,49,50,49
msg_71,node49,node22,227,2025,2025,,1.0,2,1.0,1.9795918367346939,,49,,2.0,0,1.9795918367346939,49,49,50,49
msg_72,node49,node23,227,2025,2025,,1.0,2,1.0,1.9795918367346939,,49,,2.0,0,1.9795918367346939,49,49,50,49
msg_73,node49,node24,227,2025,2025,,1.0,2,1.0,1.9795918367346939,,49,,2.0,0,1.9795918367346939,49,49,50,49
msg_74,node49,node25,227,2025,2025,,1.0,2,1.0,1.9795918367346939,,49,,2.0,0,1.9795918367346939,49,49,50,49
msg_75,node49,node26,227,2025,2025,,1.0,2,1.0,1.9795918367346939,,49,,2.0,0,1.9795918367346939,49,49,50,49
msg_76,node49,node27,227,2025,2025,,1.0,2,1.0,1.9795918367346939,,49,,2.0,0,1.9795918367346939,49,49,50,49
msg_77,node49,node28,227,2025,2025,,1.0,2,1.0,1.9795918367346939,,49,,2.0,0,1.9795918367346939,49,49,50,49
msg_78,node49,node29,227,2025,2025,,1.0,2,1.0,1.9795918367346939,,49,,2.0,0,1.9795918367346939,49,49,50,49
msg_79,node49,node30,227,2025,2025,,1.0,2,1.0,1.9795918367346939,,49,,2.0,0,1.9795918367346939,49,49,50,49
msg_80,node49,node31,227,2025,2025,,1.0,2,1.0,1.9795918367346939,,49,,2.0,0,1.9795918367346939,49,49,50,49
msg_81,node49,node32,227,2025,2025,,1.0,2,1.0,1.9795918367346939,,49,,2.0,0,1.9795918367346939,49,49,50,49
msg_82,node49,node33,227,2025,2025,,1.0,2,1.0,1.9795918367346939,,49,,2.0,0,1.9795918367346939,49,49,50,49
msg_83,node49,node34,227,2025,2025,,1.0,2,1.0,1.9795918367346939,,49,,2.0,0,1.9795918367346939,49,49,50,49
msg_84,node49,node35,227,2025,2025,,1.0,2,1.0,1.9795918367346939,,49,,2.0,0,1.9795918367346939,49,49,50,49
msg_85,node49,node36,227,2025,2025,,1.0,2,1.0,1.9795918367346939,,49,,2.0,0,1.9795918367346939,49,49,50,49
msg_86,node49,node37,227,2025,2025,,1.0,2,1.0,1.9795918367346939,,49,,2.0,0,1.9795918367346939,49,49,50,49
msg_87,node49,node38,227,2025,2025,,1.0,2,1.0,1.9795918367346939,,49,,2.0,0,1.9795918367346939,49,49,50,49
msg_88,node49,node39,227,2025,2025,,1.0,2,1.0,1.9795918367346939,,49,,2.0,0,1.9795918367346939,49,49,50,49
msg_89,node49,node40,227,2025,2025,,1.0,2,1.0,1.9795918367346939,,49,,2.0,0,1.9795918367346939,49,49,50,49
msg_90,node49,node41,227,2025,2025,,1.0,2,1.0,1.9795918367346939,,49,,2.0,0,1.9795918367346939,49,49,50,49
msg_91,node49,node42,227,2025,2025,,1.0,2,1.0,1.9795918367346939,,49,,2.0,0,1.9795918367346939,49,49,50,49
msg_92,node49,node43,227,2025,2025,,1.0,2,1.0,1.9795918367346939,,49,,2.0,0,1.9795918367346939,49,49,50,49
msg_93,node49,node44,227,2025,2025,,1.0,2,1.0,1.9795918367346939,,49,,2.0,0,1.9795918367346939,49,49,50,49
msg_94,node49,node45,227,2025,2025,,1.0,2,1.0,1.9795918367346939,,49,,2.0,0,1.9795918367346939,49,49,50,49
msg_95,node49,node46,227,2025,2025,,1.0,2,1.0,1.9795918367346939,,49,,2.0,0,1.9795918367346939,49,49,50,49
msg_96,node49,node47,227,2025,2025,,1.0,2,1.0,1.9795918367346939,,49,,2.0,0,1.9795918367346939,49,49,50,49
msg_97,node49,node48,227,2025,2025,,1.0,2,1.0,1.9795918367346939,,49,,2.0,0,1.9795918367346939,49,49,50,49
msg_98,node49,node0,226,3468,3469,,1.0,2,1.0,0.9897959183673469,,49,,0.5,0,0.9897959183673469,49,49,50,49
msg_99,node49,node1,226,3468,3469,,1.0,2,1.0,0.9897959183673469,,49,,1.0,0,0.9897959183673469,49,49,50,49
msg_100,node49,node2,227,3468,3469,,1.0,2,1.0,0.9897959183673469,,49,,1.0,0,0.9897959183673469,49,49,50,49
msg_101,node49,node3,227,3468,3469,,1.0,2,1.0,0.9897959183673469,,49,,1.0,0,0.9897959183673469,49,49,50,49
msg_102,node49,node4,227,3468,3469,,1.0,2,1.0,0.9897959183673469,,49,,1.0,0,0.9897959183673469,49,49,50,49
msg_103,node49,node5,227,3468,3469,,1.0,2,1.0,0.9897959183673469,,49,,1.0,0,0.9897959183673469,49,49,50,49
msg_104,node49,node6,227,3468,3469,,1.0,2,1.0,0.9897959183673469,,49,,1.0,0,0.9897959183673469,49,49,50,49
msg_105,node49,node7,227,3468,3469,,1.0,2,1.0,0.9897959183673469,,49,,1.0,0,0.9897959183673469,49,49,50,49
msg_106,node49,node8,227,3468,3469,,1.0,2,1.0,0.9897959183673469,,49,,1.0,0,0.9897959183673469,49,49,50,49
msg_107,node49,node9,227,3468,3469,,1.0,2,1.0,0.9897959183673469,,49,,1.0,0,0.9897959183673469,49,49,50,49
msg_108,node49,node10,228,3468,3469,,1.0,2,1.0,0.9897959183673469,,49,,1.0,0,0.9897959183673469,49,49,50,49
msg_109,node49,node11,228,3468,3469,,1.0,2,1.0,0.9897959183673469,,49,,1.0,0,0.9897959183673469,49,49,50,49
msg_110,node49,node12,228,3468,3469,,1.0,2,1.0,0.9897959183673469,,49,,1.0,0,0.9897959183673469,49,49,50,49
msg_111,node49,node13,228,3468,3469,,1.0,2,1.0,0.9897959183673469,,49,,1.0,0,0.9897959183673469,49,49,50,49
msg_112,node49,node14,228,3468,3469,,1.0,2,1.0,0.9897959183673469,,49,,1.0,0,0.9897959183673469,49,49,50,49
msg_113,node49,node15,228,3468,3469,,1.0,2,1.0,0.9897959183673469,,49,,1.0,0,0.9897959183673469,49,49,50,49
msg_114,node49,node16,228,3468,3469,,1.0,2,1.0,0.9897959183673469,,49,,1.0,0,0.9897959183673469,49,49,50,49
msg_115,node49,node17,228,3468,3469,,1.0,2,1.0,0.9897959183673469,,49,,1.0,0,0.9897959183673469,49,49,50,49
msg_116,node49,node18,228,3468,3469,,1.0,2,1.0,0.9897959183673469,,49,,1.0,0,0.9897959183673469,49,49,50,49
msg_117,node49,node19,228,3468,3469,,1.0,2,1.0,0.9897959183673469,,49,,1.0,0,0.9897959183673469,49,49,50,49
msg_118,node49,node20,228,3468,3469,,1.0,2,1.0,0.9897959183673469,,49,,1.0,0,0.9897959183673469,49,49,50,49
msg_119,node49,node21,228,3468,3469,,1.0,2,1.0,0.9897959183673469,,49,,1.0,0,0.9897959183673469,49,49,50,49
msg_120,node49,node22,228,3468,3469,,1.0,2,1.0,0.9897959183673469,,49,,1.0,0,0.9897959183673469,49,49,50,49
msg_121,node49,node23,228,3468,3469,,1.0,2,1.0,0.9897959183673469,,49,,1.0,0,0.9897959183673469,49,49,50,49
msg_122,node49,node24,228,3468,3469,,1.0,2,1.0,0.9897959183673469,,49,,1.0,0,0.9897959183673469,49,49,50,49
msg_123,node49,node25,228,3468,3469,,1.0,2,1.0,0.9897959183673469,,49,,1.0,0,0.9897959183673469,49,49,50,49
msg_124,node49,node26,228,3468,3469,,1.0,2,1.0,0.9897959183673469,,49,,1.0,0,0.9897959183673469,49,49,50,49
msg_125,node49,node27,228,3468,3469,,1.0,2,1.0,0.9897959183673469,,49,,1.0,0,0.9897959183673469,49,49,50,49
msg_126,node49,node28,228,3468,3469,,1.0,2,1.0,0.9897959183673469,,49,,1.0,0,0.9897959183673469,49,49,50,49
msg_127,node49,node29,228,3468,3469,,1.0,2,1.0,0.9897959183673469,,49,,1.0,0,0.9897959183673469,49,49,50,49
msg_128,node49,node30,228,3468,3469,,1.0,2,1.0,0.9897959183673469,,49,,1.0,0,0.9897959183673469,49,49,50,49
msg_129,node49,node31,228,3468,3469,,1.0,2,1.0,0.9897959183673469,,49,,1.0,0,0.9897959183673469,49,49,50,49
msg_130,node49,node32,228,3468,3469,,1.0,2,1.0,0.9897959183673469,,49,,1.0,0,0.9897959183673469,49,49,50,49
msg_131,node49,node33,228,3468,3469,,1.0,2,1.0,0.9897959183673469,,49,,1.0,0,0.9897959183673469,49,49,50,49
msg_132,node49,node34,228,3468,3469,,1.0,2,1.0,0.9897959183673469,,49,,1.0,0,0.9897959183673469,49,49,50,49
msg_133,node49,node35,228,3468,3469,,1.0,2,1.0,0.9897959183673469,,49,,1.0,0,0.9897959183673469,49,49,50,49
msg_134,node49,node36,228,3468,3469,,1.0,2,1.0,0.9897959183673469,,49,,1.0,0,0.9897959183673469,49,49,50,49
msg_135,node49,node37,228,3468,3469,,1.0,2,1.0,0.9897959183673469,,49,,1.0,0,0.9897959183673469,49,49,50,49
msg_136,node49,node38,228,3468,3469,,1.0,2,1.0,0.9897959183673469,,49,,1.0,0,0.9897959183673469,49,49,50,49
msg_137,node49,node39,228,3468,3469,,1.0,2,1.0,0.9897959183673469,,49,,1.0,0,0.9897959183673469,49,49,50,49
msg_138,node49,node40,228,3468,3469,,1.0,2,1.0,0.9897959183673469,,49,,1.0,0,0.9897959183673469,49,49,50,49
msg_139,node49,node41,228,3468,3469,,1.0,2,1.0,0.9897959183673469,,49,,1.0,0,0.9897959183673469,49,49,50,49
msg_140,node49,node42,228,3468,3469,,1.0,2,1.0,0.9897959183673469,,49,,1.0,0,0.9897959183673469,49,49,50,49
msg_141,node49,node43,228,3468,3469,,1.0,2,1.0,0.9897959183673469,,49,,1.0,0,0.9897959183673469,49,49,50,49
msg_142,node49,node44,228,3468,3469,,1.0,2,1.0,0.9897959183673469,,49,,1.0,0,0.9897959183673469,49,49,50,49
msg_143,node49,node45,228,3468,3469,,1.0,2,1.0,0.9897959183673469,,49,,1.0,0,0.9897959183673469,49,49,50,49
msg_144,node49,node46,228,3468,3469,,1.0,2,1.0,0.9897959183673469,,49,,1.0,0,0.9897959183673469,49,49,50,49
msg_145,node49,node47,228,3468,3469,,1.0,2,1.0,0.9897959183673469,,49,,1.0,0,0.9897959183673469,49,49,50,49
msg_146,node49,node48,228,3468,3469,,1.0,2,1.0,0.9897959183673469,,49,,1.0,0,0.9897959183673469,49,49,50,49
msg_147,node49,node0,227,3761,3762,,1.0,2,1.0,0.9931972789115646,,49,,0.6666666666666666,0,0.9931972789115646,49,49,50,49
msg_148,node49,node1,227,3761,3762,,1.0,2,1.0,0.9931972789115646,,49,,1.0,0,0.9931972789115646,49,49,50,49
msg_149,node49,node2,227,3761,3762,,1.0,2,1.0,0.9931972789115646,,49,,1.0,0,0.9931972789115646,49,49,50,49
msg_150,node49,node3,227,3761,3762,,1.0,2,1.0,0.9931972789115646,,49,,1.0,0,0.9931972789115646,49,49,50,49
msg_151,node49,node4,227,3761,3762,,1.0,2,1.0,0.9931972789115646,,49,,1.0,0,0.9931972789115646,49,49,50,49
msg_152,node49,node5,227,3761,3762,,1.0,2,1.0,0.9931972789115646,,49,,1.0,0,0.9931972789115646,49,49,50,49
msg_153,node49,node6,227,3761,3762,,1.0,2,1.0,0.9931972789115646,,49,,1.0,0,0.9931972789115646,49,49,50,49
msg_154,node49,node7,227,3761,3762,,1.0,2,1.0,0.9931972789115646,,49,,1.0,0,0.9931972789115646,49,49,50,49
msg_155,node49,node8,227,3761,3762,,1.0,2,1.0,0.9931972789115646,,49,,1.0,0,0.9931972789115646,49,49,50,49
msg_156,node49,node9,227,3761,3762,,1.0,2,1.0,0.9931972789115646,,49,,1.0,0,0.9931972789115646,49,49,50,49
msg_157,node49,node10,228,3761,3762,,1.0,2,1.0,0.9931972789115646,,49,,1.0,0,0.9931972789115646,49,49,50,49
msg_158,node49,node11,228,3761,3762,,1.0,2,1.0,0.9931972789115646,,49,,1.0,0,0.9931972789115646,49,49,50,49
msg_159,node49,node12,228,3761,3762,,1.0,2,1.0,0.9931972789115646,,49,,1.0,0,0.9931972789115646,49,49,50,49
msg_160,node49,node13,228,3761,3762,,1.0,2,1.0,0.9931972789115646,,49,,1.0,0,0.9931972789115646,49,49,50,49
msg_161,node49,node14,228,3761,3762,,1.0,2,1.0,0.9931972789115646,,49,,1.0,0,0.9931972789115646,49,49,50,49
msg_162,node49,node15,228,3761,3762,,1.0,2,1.0,0.9931972789115646,,49,,1.0,0,0.9931972789115646,49,49,50,49
msg_163,node49,node16,228,3761,3762,,1.0,2,1.0,0.9931972789115646,,49,,1.0,0,0.9931972789115646,49,49,50,49
msg_164,node49,node17,228,3761,3762,,1.0,2,1.0,0.9931972789115646,,49,,1.0,0,0.9931972789115646,49,49,50,49
msg_165,node49,node18,228,3761,3762,,1.0,2,1.0,0.9931972789115646,,49,,1.0,0,0.9931972789115646,49,49,50,49
msg_166,node49,node19,228,3761,3762,,1.0,2,1.0,0.9931972789115646,,49,,1.0,0,0.9931972789115646,49,49,50,49
msg_167,node49,node20,228,3761,3762,,1.0,2,1.0,0.9931972789115646,,49,,1.0,0,0.9931972789115646,49,49,50,49
msg_168,node49,node21,228,3761,3762,,1.0,2,1.0,0.9931972789115646,,49,,1.0,0,0.9931972789115646,49,49,50,49
msg_169,node49,node22,228,3761,3762,,1.0,2,1.0,0.9931972789115646,,49,,1.0,0,0.9931972789115646,49,49,50,49
msg_170,node49,node23,228,3761,3762,,1.0,2,1.0,0.9931972789115646,,49,,1.0,0,0.9931972789115646,49,49,50,49
msg_171,node49,node24,228,3761,3762,,1.0,2,1.0,0.9931972789115646,,49,,1.0,0,0.9931972789115646,49,49,50,49
msg_172,node49,node25,228,3761,3762,,1.0,2,1.0,0.9931972789115646,,49,,1.0,0,0.9931972789115646,49,49,50,49
msg_173,node49,node26,228,3761,3762,,1.0,2,1.0,0.9931972789115646,,49,,1.0,0,0.9931972789115646,49,49,50,49
msg_174,node49,node27,228,3761,3762,,1.0,2,1.0,0.9931972789115646,,49,,1.0,0,0.9931972789115646,49,49,50,49
msg_175,node49,node28,228,3761,3762,,1.0,2,1.0,0.9931972789115646,,49,,1.0,0,0.9931972789115646,49,49,50,49
msg_176,node49,node29,228,3761,3762,,1.0,2,1.0,0.9931972789115646,,49,,1.0,0,0.9931972789115646,49,49,50,49
msg_177,node49,node30,228,3761,3762,,1.0,2,1.0,0.9931972789115646,,49,,1.0,0,0.9931972789115646,49,49,50,49
msg_178,node49,node31,228,3761,3762,,1.0,2,1.0,0.9931972789115646,,49,,1.0,0,0.9931972789115646,49,49,50,49
msg_179,node49,node32,228,3761,3762,,1.0,2,1.0,0.9931972789115646,,49,,1.0,0,0.9931972789115646,49,49,50,49
msg_180,node49,node33,228,3761,3762,,1.0,2,1.0,0.9931972789115646,,49,,1.0,0,0.9931972789115646,49,49,50,49
msg_181,node49,node34,228,3761,3762,,1.0,2,1.0,0.9931972789115646,,49,,1.0,0,0.9931972789115646,49,49,50,49
msg_182,node49,node35,228,3761,3762,,1.0,2,1.0,0.9931972789115646,,49,,1.0,0,0.9931972789115646,49,49,50,49
msg_183,node49,node36,228,3761,3762,,1.0,2,1.0,0.9931972789115646,,49,,1.0,0,0.9931972789115646,49,49,50,49
msg_184,node49,node37,228,3761,3762,,1.0,2,1.0,0.9931972789115646,,49,,1.0,0,0.9931972789115646,49,49,50,49
msg_185,node49,node38,228,3761,3762,,1.0,2,1.0,0.9931972789115646,,49,,1.0,0,0.9931972789115646,49,49,50,49
msg_186,node49,node39,228,3761,3762,,1.0,2,1.0,0.9931972789115646,,49,,1.0,0,0.9931972789115646,49,49,50,49
msg_187,node49,node40,228,3761,3762,,1.0,2,1.0,0.9931972789115646,,49,,1.0,0,0.9931972789115646,49,49,50,49
msg_188,node49,node41,228,3761,3762,,1.0,2,1.0,0.9931972789115646,,49,,1.0,0,0.9931972789115646,49,49,50,49
msg_189,node49,node42,228,3761,3762,,1.0,2,1.0,0.9931972789115646,,49,,1.0,0,0.9931972789115646,49,49,50,49
msg_190,node49,node43,228,3761,3762,,1.0,2,1.0,0.9931972789115646,,49,,1.0,0,0.9931972789115646,49,49,50,49
msg_191,node49,node44,228,3761,3762,,1.0,2,1.0,0.9931972789115646,,49,,1.0,0,0.9931972789115646,49,49,50,49
msg_192,node49,node45,228,3761,3762,,1.0,2,1.0,0.9931972789115646,,49,,1.0,0,0.9931972789115646,49,49,50,49
msg_193,node49,node46,228,3761,3762,,1.0,2,1.0,0.9931972789115646,,49,,1.0,0,0.9931972789115646,49,49,50,49
msg_194,node49,node47,228,3761,3762,,1.0,2,1.0,0.9931972789115646,,49,,1.0,0,0.9931972789115646,49,49,50,49
msg_195,node49,node48,228,3761,3762,,1.0,2,1.0,0.9931972789115646,,49,,1.0,0,0.9931972789115646,49,49,50,49
msg_196,node49,node0,227,4445,4446,,1.0,2,1.0,0.9948979591836735,,49,,0.75,0,0.9948979591836735,49,49,50,49
msg_197,node49,node1,227,4445,4446,,1.0,2,1.0,0.9948979591836735,,49,,1.0,0,0.9948979591836735,49,49,50,49
msg_198,node49,node2,227,4445,4446,,1.0,2,1.0,0.9948979591836735,,49,,1.0,0,0.9948979591836735,49,49,50,49
msg_199,node49,node3,227,4445,4446,,1.0,2,1.0,0.9948979591836735,,49,,1.0,0,0.9948979591836735,49,49,50,49
msg_200,node49,node4,227,4445,4446,,1.0,2,1.0,0.9948979591836735,,49,,1.0,0,0.9948979591836735,49,49,50,49
msg_201,node49,node5,227,4445,4446,,1.0,2,1.0,0.9948979591836735,,49,,1.0,0,0.9948979591836735,49,49,50,49
msg_202,node49,node6,227,4445,4446,,1.0,2,1.0,0.9948979591836735,,49,,1.0,0,0.9948979591836735,49,49,50,49
msg_203,node49,node7,227,4445,4446,,1.0,2,1.0,0.9948979591836735,,49,,1.0,0,0.9948979591836735,49,49,50,49
msg_204,node49,node8,227,4445,4446,,1.0,2,1.0,0.9948979591836735,,49,,1.0,0,0.9948979591836735,49,49,50,49
msg_205,node49,node9,227,4445,4446,,1.0,2,1.0,0.9948979591836735,,49,,1.0,0,0.9948979591836735,49,49,50,49
msg_206,node49,node10,228,4445,4446,,1.0,2,1.0,0.9948979591836735,,49,,1.0,0,0.9948979591836735,49,49,50,49
msg_207,node49,node11,228,4445,4446,,1.0,2,1.0,0.9948979591836735,,49,,1.0,0,0.9948979591836735,49,49,50,49
msg_208,node49,node12,228,4445,4446,,1.0,2,1.0,0.9948979591836735,,49,,1.0,0,0.9948979591836735,49,49,50,49
msg_209,node49,node13,228,4445,4446,,1.0,2,1.0,0.9948979591836735,,49,,1.0,0,0.9948979591836735,49,49,50,49
msg_210,node49,node14,228,4445,4446,,1.0,2,1.0,0.9948979591836735,,49,,1.0,0,0.9948979591836735,49,49,50,49
msg_211,node49,node15,228,4445,4446,,1.0,2,1.0,0.9948979591836735,,49,,1.0,0,0.9948979591836735,49,49,50,49
msg_212,node49,node16,228,4445,4446,,1.0,2,1.0,0.9948979591836735,,49,,1.0,0,0.9948979591836735,49,49,50,49
msg_213,node49,node17,228,4445,4446,,1.0,2,1.0,0.9948979591836735,,49,,1.0,0,0.9948979591836735,49,49,50,49
msg_214,node49,node18,228,4445,4446,,1.0,2,1.0,0.9948979591836735,,49,,1.0,0,0.9948979591836735,49,49,50,49
msg_215,node49,node19,228,4445,4446,,1.0,2,1.0,0.9948979591836735,,49,,1.0,0,0.9948979591836735,49,49,50,49
msg_216,node49,node20,228,4445,4446,,1.0,2,1.0,0.9948979591836735,,49,,1.0,0,0.9948979591836735,49,49,50,49
msg_217,node49,node21,228,4445,4446,,1.0,2,1.0,0.9948979591836735,,49,,1.0,0,0.9948979591836735,49,49,50,49
msg_218,node49,node22,228,4445,4446,,1.0,2,1.0,0.9948979591836735,,49,,1.0,0,0.9948979591836735,49,49,50,49
msg_219,node49,node23,228,4445,4446,,1.0,2,1.0,0.9948979591836735,,49,,1.0,0,0.9948979591836735,49,49,50,49
msg_220,node49,node24,228,4445,4446,,1.0,2,1.0,0.9948979591836735,,49,,1.0,0,0.9948979591836735,49,49,50,49
msg_221,node49,node25,228,4445,4446,,1.0,2,1.0,0.9948979591836735,,49,,1.0,0,0.9948979591836735,49,49,50,49
msg_222,node49,node26,228,4445,4446,,1.0,2,1.0,0.9948979591836735,,49,,1.0,0,0.9948979591836735,49,49,50,49
msg_223,node49,node27,228,4445,4446,,1.0,2,1.0,0.9948979591836735,,49,,1.0,0,0.9948979591836735,49,49,50,49
msg_224,node49,node28,228,4445,4446,,1.0,2,1.0,0.9948979591836735,,49,,1.0,0,0.9948979591836735,49,49,50,49
msg_225,node49,node29,228,4445,4446,,1.0,2,1.0,0.9948979591836735,,49,,1.0,0,0.9948979591836735,49,49,50,49
msg_226,node49,node30,228,4445,4446,,1.0,2,1.0,0.9948979591836735,,49,,1.0,0,0.9948979591836735,49,49,50,49
msg_227,node49,node31,228,4445,4446,,1.0,2,1.0,0.9948979591836735,,49,,1.0,0,0.9948979591836735,49,49,50,49
msg_228,node49,node32,228,4445,4446,,1.0,2,1.0,0.9948979591836735,,49,,1.0,0,0.9948979591836735,49,49,50,49
msg_229,node49,node33,228,4445,4446,,1.0,2,1.0,0.9948979591836735,,49,,1.0,0,0.9948979591836735,49,49,50,49
msg_230,node49,node34,228,4445,4446,,1.0,2,1.0,0.9948979591836735,,49,,1.0,0,0.9948979591836735,49,49,50,49
msg_231,node49,node35,228,4445,4446,,1.0,2,1.0,0.9948979591836735,,49,,1.0,0,0.9948979591836735,49,49,50,49
msg_232,node49,node36,228,4445,4446,,1.0,2,1.0,0.9948979591836735,,49,,1.0,0,0.9948979591836735,49,49,50,49
msg_233,node49,node37,228,4445,4446,,1.0,2,1.0,0.9948979591836735,,49,,1.0,0,0.9948979591836735,49,49,50,49
msg_234,node49,node38,228,4445,4446,,1.0,2,1.0,0.9948979591836735,,49,,1.0,0,0.9948979591836735,49,49,50,49
msg_235,node49,node39,228,4445,4446,,1.0,2,1.0,0.9948979591836735,,49,,1.0,0,0.9948979591836735,49,49,50,49
msg_236,node49,node40,228,4445,4446,,1.0,2,1.0,0.9948979591836735,,49,,1.0,0,0.9948979591836735,49,49,50,49
msg_237,node49,node41,228,4445,4446,,1.0,2,1.0,0.9948979591836735,,49,,1.0,0,0.9948979591836735,49,49,50,49
msg_238,node49,node42,228,4445,4446,,1.0,2,1.0,0.9948979591836735,,49,,1.0,0,0.9948979591836735,49,49,50,49
msg_239,node49,node43,228,4445,4446,,1.0,2,1.0,0.9948979591836735,,49,,1.0,0,0.9948979591836735,49,49,50,49
msg_240,node49,node44,228,4445,4446,,1.0,2,1.0,0.9948979591836735,,49,,1.0,0,0.9948979591836735,49,49,50,49
msg_241,node49,node45,228,4445,4446,,1.0,2,1.0,0.9948979591836735,,49,,1.0,0,0.9948979591836735,49,49,50,49
msg_242,node49,node46,228,4445,4446,,1.0,2,1.0,0.9948979591836735,,49,,1.0,0,0.9948979591836735,49,49,50,49
msg_243,node49,node47,228,4445,4446,,1.0,2,1.0,0.9948979591836735,,49,,1.0,0,0.9948979591836735,49,49,50,49
msg_244,node49,node48,228,4445,4446,,1.0,2,1.0,0.9948979591836735,,49,,1.0,0,0.9948979591836735,49,49,50,49
msg_245,node49,node0,227,5042,5043,,1.0,2,1.0,0.9959183673469387,,49,,0.8,0,0.9959183673469387,49,49,50,49
msg_246,node49,node1,227,5042,5043,,1.0,2,1.0,0.9959183673469387,,49,,1.0,0,0.9959183673469387,49,49,50,49
msg_247,node49,node2,227,5042,5043,,1.0,2,1.0,0.9959183673469387,,49,,1.0,0,0.9959183673469387,49,49,50,49
msg_248,node49,node3,227,5042,5043,,1.0,2,1.0,0.9959183673469387,,49,,1.0,0,0.9959183673469387,49,49,50,49
msg_249,node49,node4,227,5042,5043,,1.0,2,1.0,0.9959183673469387,,49,,1.0,0,0.9959183673469387,49,49,50,49
msg_250,node49,node5,227,5042,5043,,1.0,2,1.0,0.9959183673469387,,49,,1.0,0,0.9959183673469387,49,49,50,49
msg_251,node49,node6,227,5042,5043,,1.0,2,1.0,0.9959183673469387,,49,,1.0,0,0.9959183673469387,49,49,50,49
msg_252,node49,node7,227,5042,5043,,1.0,2,1.0,0.9959183673469387,,49,,1.0,0,0.9959183673469387,49,49,50,49
msg_253,node49,node8,227,5042,5043,,1.0,2,1.0,0.9959183673469387,,49,,1.0,0,0.9959183673469387,49,49,50,49
msg_254,node49,node9,227,5042,5043,,1.0,2,1.0,0.9959183673469387,,49,,1.0,0,0.9959183673469387,49,49,50,49
msg_255,node49,node10,228,5042,5043,,1.0,2,1.0,0.9959183673469387,,49,,1.0,0,0.9959183673469387,49,49,50,49
msg_256,node49,node11,228,5042,5043,,1.0,2,1.0,0.9959183673469387,,49,,1.0,0,0.9959183673469387,49,49,50,49
msg_257,node49,node12,228,5042,5043,,1.0,2,1.0,0.9959183673469387,,49,,1.0,0,0.9959183673469387,49,49,50,49
msg_258,node49,node13,228,5042,5043,,1.0,2,1.0,0.9959183673469387,,49,,1.0,0,0.9959183673469387,49,49,50,49
msg_259,node49,node14,228,5042,5043,,1.0,2,1.0,0.9959183673469387,,49,,1.0,0,0.9959183673469387,49,49,50,49
msg_260,node49,node15,228,5042,5043,,1.0,2,1.0,0.9959183673469387,,49,,1.0,0,0.9959183673469387,49,49,50,49
msg_261,node49,node16,228,5042,5043,,1.0,2,1.0,0.9959183673469387,,49,,1.0,0,0.9959183673469387,49,49,50,49
msg_262,node49,node17,228,5042,5043,,1.0,2,1.0,0.9959183673469387,,49,,1.0,0,0.9959183673469387,49,49,50,49
msg_263,node49,node18,228,5042,5043,,1.0,2,1.0,0.9959183673469387,,49,,1.0,0,0.9959183673469387,49,49,50,49
msg_264,node49,node19,228,5042,5043,,1.0,2,1.0,0.9959183673469387,,49,,1.0,0,0.9959183673469387,49,49,50,49
msg_265,node49,node20,228,5042,5043,,1.0,2,1.0,0.9959183673469387,,49,,1.0,0,0.9959183673469387,49,49,50,49
msg_266,node49,node21,228,5042,5043,,1.0,2,1.0,0.9959183673469387,,49,,1.0,0,0.9959183673469387,49,49,50,49
msg_267,node49,node22,228,5042,5043,,1.0,2,1.0,0.9959183673469387,,49,,1.0,0,0.9959183673469387,49,49,50,49
msg_268,node49,node23,228,5042,5043,,1.0,2,1.0,0.9959183673469387,,49,,1.0,0,0.9959183673469387,49,49,50,49
msg_269,node49,node24,228,5042,5043,,1.0,2,1.0,0.9959183673469387,,49,,1.0,0,0.9959183673469387,49,49,50,49
msg_270,node49,node25,228,5042,5043,,1.0,2,1.0,0.9959183673469387,,49,,1.0,0,0.9959183673469387,49,49,50,49
msg_271,node49,node26,228,5042,5043,,1.0,2,1.0,0.9959183673469387,,49,,1.0,0,0.9959183673469387,49,49,50,49
msg_272,node49,node27,228,5042,5043,,1.0,2,1.0,0.9959183673469387,,49,,1.0,0,0.9959183673469387,49,49,50,49
msg_273,node49,node28,228,5042,5043,,1.0,2,1.0,0.9959183673469387,,49,,1.0,0,0.9959183673469387,49,49,50,49
msg_274,node49,node29,228,5042,5043,,1.0,2,1.0,0.9959183673469387,,49,,1.0,0,0.9959183673469387,49,49,50,49
msg_275,node49,node30,228,5042,5043,,1.0,2,1.0,0.9959183673469387,,49,,1.0,0,0.9959183673469387,49,49,50,49
msg_276,node49,node31,228,5042,5043,,1.0,2,1.0,0.9959183673469387,,49,,1.0,0,0.9959183673469387,49,49,50,49
msg_277,node49,node32,228,5042,5043,,1.0,2,1.0,0.9959183673469387,,49,,1.0,0,0.9959183673469387,49,49,50,49
msg_278,node49,node33,228,5042,5043,,1.0,2,1.0,0.9959183673469387,,49,,1.0,0,0.9959183673469387,49,49,50,49
msg_279,node49,node34,228,5042,5043,,1.0,2,1.0,0.9959183673469387,,49,,1.0,0,0.9959183673469387,49,49,50,49
msg_280,node49,node35,228,5042,5043,,1.0,2,1.0,0.9959183673469387,,49,,1.0,0,0.9959183673469387,49,49,50,49
msg_281,node49,node36,228,5042,5043,,1.0,2,1.0,0.9959183673469387,,49,,1.0,0,0.9959183673469387,49,49,50,49
msg_282,node49,node37,228,5042,5043,,1.0,2,1.0,0.9959183673469387,,49,,1.0,0,0.9959183673469387,49,49,50,49
msg_283,node49,node38,228,5042,5043,,1.0,2,1.0,0.9959183673469387,,49,,1.0,0,0.9959183673469387,49,49,50,49
msg_284,node49,node39,228,5042,5043,,1.0,2,1.0,0.9959183673469387,,49,,1.0,0,0.9959183673469387,49,49,50,49
msg_285,node49,node40,228,5042,5043,,1.0,2,1.0,0.9959183673469387,,49,,1.0,0,0.9959183673469387,49,49,50,49
msg_286,node49,node41,228,5042,5043,,1.0,2,1.0,0.9959183673469387,,49,,1.0,0,0.9959183673469387,49,49,50,49
msg_287,node49,node42,228,5042,5043,,1.0,2,1.0,0.9959183673469387,,49,,1.0,0,0.9959183673469387,49,49,50,49
msg_288,node49,node43,228,5042,5043,,1.0,2,1.0,0.9959183673469387,,49,,1.0,0,0.9959183673469387,49,49,50,49
msg_289,node49,node44,228,5042,5043,,1.0,2,1.0,0.9959183673469387,,49,,1.0,0,0.9959183673469387,49,49,50,49
msg_290,node49,node45,228,5042,5043,,1.0,2,1.0,0.9959183673469387,,49,,1.0,0,0.9959183673469387,49,49,50,49
msg_291,node49,node46,228,5042,5043,,1.0,2,1.0,0.9959183673469387,,49,,1.0,0,0.9959183673469387,49,49,50,49
msg_292,node49,node47,228,5042,5043,,1.0,2,1.0,0.9959183673469387,,49,,1.0,0,0.9959183673469387,49,49,50,49
msg_293,node49,node48,228,5042,5043,,1.0,2,1.0,0.9959183673469387,,49,,1.0,0,0.9959183673469387,49,49,50,49
msg_294,node49,node0,227,6098,6099,,1.0,2,1.0,0.9965986394557823,,49,,0.8333333333333334,0,0.9965986394557823,49,49,50,49
msg_295,node49,node1,227,6098,6099,,1.0,2,1.0,0.9965986394557823,,49,,1.0,0,0.9965986394557823,49,49,50,49
msg_296,node49,node2,227,6098,6099,,1.0,2,1.0,0.9965986394557823,,49,,1.0,0,0.9965986394557823,49,49,50,49
msg_297,node49,node3,227,6098,6099,,1.0,2,1.0,0.9965986394557823,,49,,1.0,0,0.9965986394557823,49,49,50,49
msg_298,node49,node4,227,6098,6099,,1.0,2,1.0,0.9965986394557823,,49,,1.0,0,0.9965986394557823,49,49,50,49
msg_299,node49,node5,227,6098,6099,,1.0,2,1.0,0.9965986394557823,,49,,1.0,0,0.9965986394557823,49,49,50,49
msg_300,node49,node6,227,6098,6099,,1.0,2,1.0,0.9965986394557823,,49,,1.0,0,0.9965986394557823,49,49,50,49
msg_301,node49,node7,227,6098,6099,,1.0,2,1.0,0.9965986394557823,,49,,1.0,0,0.9965986394557823,49,49,50,49
msg_302,node49,node8,227,6098,6099,,1.0,2,1.0,0.9965986394557823,,49,,1.0,0,0.9965986394557823,49,49,50,49
msg_303,node49,node9,227,6098,6099,,1.0,2,1.0,0.9965986394557823,,49,,1.0,0,0.9965986394557823,49,49,50,49
msg_304,node49,node10,228,6098,6099,,1.0,2,1.0,0.9965986394557823,,49,,1.0,0,0.9965986394557823,49,49,50,49
msg_305,node49,node11,228,6098,6099,,1.0,2,1.0,0.9965986394557823,,49,,1.0,0,0.9965986394557823,49,49,50,49
msg_306,node49,node12,228,6098,6099,,1.0,2,1.0,0.9965986394557823,,49,,1.0,0,0.9965986394557823,49,49,50,49
msg_307,node49,node13,228,6098,6099,,1.0,2,1.0,0.9965986394557823,,49,,1.0,0,0.9965986394557823,49,49,50,49
msg_308,node49,node14,228,6098,6099,,1.0,2,1.0,0.9965986394557823,,49,,1.0,0,0.9965986394557823,49,49,50,49
msg_309,node49,node15,228,6098,6099,,1.0,2,1.0,0.9965986394557823,,49,,1.0,0,0.9965986394557823,49,49,50,49
msg_310,node49,node16,228,6098,6099,,1.0,2,1.0,0.9965986394557823,,49,,1.0,0,0.9965986394557823,49,49,50,49
msg_311,node49,node17,228,6098,6099,,1.0,2,1.0,0.9965986394557823,,49,,1.0,0,0.9965986394557823,49,49,50,49
msg_312,node49,node18,228,6098,6099,,1.0,2,1.0,0.9965986394557823,,49,,1.0,0,0.9965986394557823,49,49,50,49
msg_313,node49,node19,228,6098,6099,,1.0,2,1.0,0.9965986394557823,,49,,1.0,0,0.9965986394557823,49,49,50,49
msg_314,node49,node20,228,6098,6099,,1.0,2,1.0,0.9965986394557823,,49,,1.0,0,0.9965986394557823,49,49,50,49
msg_315,node49,node21,228,6098,6099,,1.0,2,1.0,0.9965986394557823,,49,,1.0,0,0.9965986394557823,49,49,50,49
msg_316,node49,node22,228,6098,6099,,1.0,2,1.0,0.9965986394557823,,49,,1.0,0,0.9965986394557823,49,49,50,49
msg_317,node49,node23,228,6098,6099,,1.0,2,1.0,0.9965986394557823,,49,,1.0,0,0.9965986394557823,49,49,50,49
msg_318,node49,node24,228,6098,6099,,1.0,2,1.0,0.9965986394557823,,49,,1.0,0,0.9965986394557823,49,49,50,49
msg_319,node49,node25,228,6098,6099,,1.0,2,1.0,0.9965986394557823,,49,,1.0,0,0.9965986394557823,49,49,50,49
msg_320,node49,node26,228,6098,6099,,1.0,2,1.0,0.9965986394557823,,49,,1.0,0,0.9965986394557823,49,49,50,49
msg_321,node49,node27,228,6098,6099,,1.0,2,1.0,0.9965986394557823,,49,,1.0,0,0.9965986394557823,49,49,50,49
msg_322,node49,node28,228,6098,6099,,1.0,2,1.0,0.9965986394557823,,49,,1.0,0,0.9965986394557823,49,49,50,49
msg_323,node49,node29,228,6098,6099,,1.0,2,1.0,0.9965986394557823,,49,,1.0,0,0.9965986394557823,49,49,50,49
msg_324,node49,node30,228,6098,6099,,1.0,2,1.0,0.9965986394557823,,49,,1.0,0,0.9965986394557823,49,49,50,49
msg_325,node49,node31,228,6098,6099,,1.0,2,1.0,0.9965986394557823,,49,,1.0,0,0.9965986394557823,49,49,50,49
msg_326,node49,node32,228,6098,6099,,1.0,2,1.0,0.9965986394557823,,49,,1.0,0,0.9965986394557823,49,49,50,49
msg_327,node49,node33,228,6098,6099,,1.0,2,1.0,0.9965986394557823,,49,,1.0,0,0.9965986394557823,49,49,50,49
msg_328,node49,node34,228,6098,6099,,1.0,2,1.0,0.9965986394557823,,49,,1.0,0,0.9965986394557823,49,49,50,49
msg_329,node49,node35,228,6098,6099,,1.0,2,1.0,0.9965986394557823,,49,,1.0,0,0.9965986394557823,49,49,50,49
msg_330,node49,node36,228,6098,6099,,1.0,2,1.0,0.9965986394557823,,49,,1.0,0,0.9965986394557823,49,49,50,49
msg_331,node49,node37,228,6098,6099,,1.0,2,1.0,0.9965986394557823,,49,,1.0,0,0.9965986394557823,49,49,50,49
msg_332,node49,node38,228,6098,6099,,1.0,2,1.0,0.9965986394557823,,49,,1.0,0,0.9965986394557823,49,49,50,49
msg_333,node49,node39,228,6098,6099,,1.0,2,1.0,0.9965986394557823,,49,,1.0,0,0.9965986394557823,49,49,50,49
msg_334,node49,node40,228,6098,6099,,1.0,2,1.0,0.9965986394557823,,49,,1.0,0,0.9965986394557823,49,49,50,49
msg_335,node49,node41,228,6098,6099,,1.0,2,1.0,0.9965986394557823,,49,,1.0,0,0.9965986394557823,49,49,50,49
msg_336,node49,node42,228,6098,6099,,1.0,2,1.0,0.9965986394557823,,49,,1.0,0,0.9965986394557823,49,49,50,49
msg_337,node49,node43,228,6098,6099,,1.0,2,1.0,0.9965986394557823,,49,,1.0,0,0.9965986394557823,49,49,50,49
msg_338,node49,node44,228,6098,6099,,1.0,2,1.0,0.9965986394557823,,49,,1.0,0,0.9965986394557823,49,49,50,49
msg_339,node49,node45,228,6098,6099,,1.0,2,1.0,0.9965986394557823,,49,,1.0,0,0.9965986394557823,49,49,50,49
msg_340,node49,node46,228,6098,6099,,1.0,2,1.0,0.9965986394557823,,49,,1.0,0,0.9965986394557823,49,49,50,49
msg_341,node49,node47,228,6098,6099,,1.0,2,1.0,0.9965986394557823,,49,,1.0,0,0.9965986394557823,49,49,50,49
msg_342,node49,node48,228,6098,6099,,1.0,2,1.0,0.9965986394557823,,49,,1.0,0,0.9965986394557823,49,49,50,49
msg_343,node49,node0,227,7651,7652,,1.0,2,1.0,0.9970845481049563,,49,,0.8571428571428571,0,0.9970845481049563,49,49,50,49
msg_344,node49,node1,227,7651,7652,,1.0,2,1.0,0.9970845481049563,,49,,1.0,0,0.9970845481049563,49,49,50,49
msg_345,node49,node2,227,7651,7652,,1.0,2,1.0,0.9970845481049563,,49,,1.0,0,0.9970845481049563,49,49,50,49
msg_346,node49,node3,227,7651,7652,,1.0,2,1.0,0.9970845481049563,,49,,1.0,0,0.9970845481049563,49,49,50,49
msg_347,node49,node4,227,7651,7652,,1.0,2,1.0,0.9970845481049563,,49,,1.0,0,0.9970845481049563,49,49,50,49
msg_348,node49,node5,227,7651,7652,,1.0,2,1.0,0.9970845481049563,,49,,1.0,0,0.9970845481049563,49,49,50,49
msg_349,node49,node6,227,7651,7652,,1.0,2,1.0,0.9970845481049563,,49,,1.0,0,0.9970845481049563,49,49,50,49
msg_350,node49,node7,227,7651,7652,,1.0,2,1.0,0.9970845481049563,,49,,1.0,0,0.9970845481049563,49,49,50,49
msg_351,node49,node8,227,7651,7652,,1.0,2,1.0,0.9970845481049563,,49,,1.0,0,0.9970845481049563,49,49,50,49
msg_352,node49,node9,227,7651,7652,,1.0,2,1.0,0.9970845481049563,,49,,1.0,0,0.9970845481049563,49,49,50,49
msg_353,node49,node10,228,7651,7652,,1.0,2,1.0,0.9970845481049563,,49,,1.0,0,0.9970845481049563,49,49,50,49
msg_354,node49,node11,228,7651,7652,,1.0,2,1.0,0.9970845481049563,,49,,1.0,0,0.9970845481049563,49,49,50,49
msg_355,node49,node12,228,7651,7652,,1.0,2,1.0,0.9970845481049563,,49,,1.0,0,0.9970845481049563,49,49,50,49
msg_356,node49,node13,228,7651,7652,,1.0,2,1.0,0.9970845481049563,,49,,1.0,0,0.9970845481049563,49,49,50,49
msg_357,node49,node14,228,7651,7652,,1.0,2,1.0,0.9970845481049563,,49,,1.0,0,0.9970845481049563,49,49,50,49
msg_358,node49,node15,228,7651,7652,,1.0,2,1.0,0.9970845481049563,,49,,1.0,0,0.9970845481049563,49,49,50,49
msg_359,node49,node16,228,7651,7652,,1.0,2,1.0,0.9970845481049563,,49,,1.0,0,0.9970845481049563,49,49,50,49
msg_360,node49,node17,228,7651,7652,,1.0,2,1.0,0.9970845481049563,,49,,1.0,0,0.9970845481049563,49,49,50,49
msg_361,node49,node18,228,7651,7652,,1.0,2,1.0,0.9970845481049563,,49,,1.0,0,0.9970845481049563,49,49,50,49
msg_362,node49,node19,228,7651,7652,,1.0,2,1.0,0.9970845481049563,,49,,1.0,0,0.9970845481049563,49,49,50,49
msg_363,node49,node20,228,7651,7652,,1.0,2,1.0,0.9970845481049563,,49,,1.0,0,0.9970845481049563,49,49,50,49
msg_364,node49,node21,228,7651,7652,,1.0,2,1.0,0.9970845481049563,,49,,1.0,0,0.9970845481049563,49,49,50,49
msg_365,node49,node22,228,7651,7652,,1.0,2,1.0,0.9970845481049563,,49,,1.0,0,0.9970845481049563,49,49,50,49
msg_366,node49,node23,228,7651,7652,,1.0,2,1.0,0.9970845481049563,,49,,1.0,0,0.9970845481049563,49,49,50,49
msg_367,node49,node24,228,7651,7652,,1.0,2,1.0,0.9970845481049563,,49,,1.0,0,0.9970845481049563,49,49,50,49
msg_368,node49,node25,228,7651,7652,,1.0,2,1.0,0.9970845481049563,,49,,1.0,0,0.9970845481049563,49,49,50,49
msg_369,node49,node26,228,7651,7652,,1.0,2,1.0,0.9970845481049563,,49,,1.0,0,0.9970845481049563,49,49,50,49
msg_370,node49,node27,228,7651,7652,,1.0,2,1.0,0.9970845481049563,,49,,1.0,0,0.9970845481049563,49,49,50,49
msg_371,node49,node28,228,7651,7652,,1.0,2,1.0,0.9970845481049563,,49,,1.0,0,0.9970845481049563,49,49,50,49
msg_372,node49,node29,228,7651,7652,,1.0,2,1.0,0.9970845481049563,,49,,1.0,0,0.9970845481049563,49,49,50,49
msg_373,node49,node30,228,7651,7652,,1.0,2,1.0,0.9970845481049563,,49,,1.0,0,0.9970845481049563,49,49,50,49
msg_374,node49,node31,228,7651,7652,,1.0,2,1.0,0.9970845481049563,,49,,1.0,0,0.9970845481049563,49,49,50,49
msg_375,node49,node32,228,7651,7652,,1.0,2,1.0,0.9970845481049563,,49,,1.0,0,0.9970845481049563,49,49,50,49
msg_376,node49,node33,228,7651,7652,,1.0,2,1.0,0.9970845481049563,,49,,1.0,0,0.9970845481049563,49,49,50,49
msg_377,node49,node34,228,7651,7652,,1.0,2,1.0,0.9970845481049563,,49,,1.0,0,0.9970845481049563,49,49,50,49
msg_378,node49,node35,228,7651,7652,,1.0,2,1.0,0.9970845481049563,,49,,1.0,0,0.9970845481049563,49,49,50,49
msg_379,node49,node36,228,7651,7652,,1.0,2,1.0,0.9970845481049563,,49,,1.0,0,0.9970845481049563,49,49,50,49
msg_380,node49,node37,228,7651,7652,,1.0,2,1.0,0.9970845481049563,,49,,1.0,0,0.9970845481049563,49,49,50,49
msg_381,node49,node38,228,7651,7652,,1.0,2,1.0,0.9970845481049563,,49,,1.0,0,0.9970845481049563,49,49,50,49
msg_382,node49,node39,228,7651,7652,,1.0,2,1.0,0.9970845481049563,,49,,1.0,0,0.9970845481049563,49,49,50,49
msg_383,node49,node40,228,7651,7652,,1.0,2,1.0,0.9970845481049563,,49,,1.0,0,0.9970845481049563,49,49,50,49
msg_384,node49,node41,228,7651,7652,,1.0,2,1.0,0.9970845481049563,,49,,1.0,0,0.9970845481049563,49,49,50,49
msg_385,node49,node42,228,7651,7652,,1.0,2,1.0,0.9970845481049563,,49,,1.0,0,0.9970845481049563,49,49,50,49
msg_386,node49,node43,228,7651,7652,,1.0,2,1.0,0.9970845481049563,,49,,1.0,0,0.9970845481049563,49,49,50,49
msg_387,node49,node44,228,7651,7652,,1.0,2,1.0,0.9970845481049563,,49,,1.0,0,0.9970845481049563,49,49,50,49
msg_388,node49,node45,228,7651,7652,,1.0,2,1.0,0.9970845481049563,,49,,1.0,0,0.9970845481049563,49,49,50,49
msg_389,node49,node46,228,7651,7652,,1.0,2,1.0,0.9970845481049563,,49,,1.0,0,0.9970845481049563,49,49,50,49
msg_390,node49,node47,228,7651,7652,,1.0,2,1.0,0.9970845481049563,,49,,1.0,0,0.9970845481049563,49,49,50,49
msg_391,node49,node48,228,7651,7652,,1.0,2,1.0,0.9970845481049563,,49,,1.0,0,0.9970845481049563,49,49,50,49
msg_392,node49,node0,227,7751,7752,,1.0,2,1.0,0.9974489795918368,,49,,0.875,0,0.9974489795918368,49,49,50,49
msg_393,node49,node1,227,7751,7752,,1.0,2,1.0,0.9974489795918368,,49,,1.0,0,0.9974489795918368,49,49,50,49
msg_394,node49,node2,227,7751,7752,,1.0,2,1.0,0.9974489795918368,,49,,1.0,0,0.9974489795918368,49,49,50,49
msg_395,node49,node3,227,7751,7752,,1.0,2,1.0,0.9974489795918368,,49,,1.0,0,0.9974489795918368,49,49,50,49
msg_396,node49,node4,227,7751,7752,,1.0,2,1.0,0.9974489795918368,,49,,1.0,0,0.9974489795918368,49,49,50,49
msg_397,node49,node5,227,7751,7752,,1.0,2,1.0,0.9974489795918368,,49,,1.0,0,0.9974489795918368,49,49,50,49
msg_398,node49,node6,227,7751,7752,,1.0,2,1.0,0.9974489795918368,,49,,1.0,0,0.9974489795918368,49,49,50,49
msg_399,node49,node7,227,7751,7752,,1.0,2,1.0,0.9974489795918368,,49,,1.0,0,0.9974489795918368,49,49,50,49
msg_400,node49,node8,227,7751,7752,,1.0,2,1.0,0.9974489795918368,,49,,1.0,0,0.9974489795918368,49,49,50,49
msg_401,node49,node9,227,7751,7752,,1.0,2,1.0,0.9974489795918368,,49,,1.0,0,0.9974489795918368,49,49,50,49
msg_402,node49,node10,228,7751,7752,,1.0,2,1.0,0.9974489795918368,,49,,1.0,0,0.9974489795918368,49,49,50,49
msg_403,node49,node11,228,7751,7752,,1.0,2,1.0,0.9974489795918368,,49,,1.0,0,0.9974489795918368,49,49,50,49
msg_404,node49,node12,228,7751,7752,,1.0,2,1.0,0.9974489795918368,,49,,1.0,0,0.9974489795918368,49,49,50,49
msg_405,node49,node13,228,7751,7752,,1.0,2,1.0,0.9974489795918368,,49,,1.0,0,0.9974489795918368,49,49,50,49
msg_406,node49,node14,228,7751,7752,,1.0,2,1.0,0.9974489795918368,,49,,1.0,0,0.9974489795918368,49,49,50,49
msg_407,node49,node15,228,7751,7752,,1.0,2,1.0,0.9974489795918368,,49,,1.0,0,0.9974489795918368,49,49,50,49
msg_408,node49,node16,228,7751,7752,,1.0,2,1.0,0.9974489795918368,,49,,1.0,0,0.9974489795918368,49,49,50,49
msg_409,node49,node17,228,7751,7752,,1.0,2,1.0,0.9974489795918368,,49,,1.0,0,0.9974489795918368,49,49,50,49
msg_410,node49,node18,228,7751,7752,,1.0,2,1.0,0.9974489795918368,,49,,1.0,0,0.9974489795918368,49,49,50,49
msg_411,node49,node19,228,7751,7752,,1.0,2,1.0,0.9974489795918368,,49,,1.0,0,0.9974489795918368,49,49,50,49
msg_412,node49,node20,228,7751,7752,,1.0,2,1.0,0.9974489795918368,,49,,1.0,0,0.9974489795918368,49,49,50,49
msg_413,node49,node21,228,7751,7752,,1.0,2,1.0,0.9974489795918368,,49,,1.0,0,0.9974489795918368,49,49,50,49
msg_414,node49,node22,228,7751,7752,,1.0,2,1.0,0.9974489795918368,,49,,1.0,0,0.9974489795918368,49,49,50,49
msg_415,node49,node23,228,7751,7752,,1.0,2,1.0,0.9974489795918368,,49,,1.0,0,0.9974489795918368,49,49,50,49
msg_416,node49,node24,228,7751,7752,,1.0,2,1.0,0.9974489795918368,,49,,1.0,0,0.9974489795918368,49,49,50,49
msg_417,node49,node25,228,7751,7752,,1.0,2,1.0,0.9974489795918368,,49,,1.0,0,0.9974489795918368,49,49,50,49
msg_418,node49,node26,228,7751,7752,,1.0,2,1.0,0.9974489795918368,,49,,1.0,0,0.9974489795918368,49,49,50,49
msg_419,node49,node27,228,7751,7752,,1.0,2,1.0,0.9974489795918368,,49,,1.0,0,0.9974489795918368,49,49,50,49
msg_420,node49,node28,228,7751,7752,,1.0,2,1.0,0.9974489795918368,,49,,1.0,0,0.9974489795918368,49,49,50,49
msg_421,node49,node29,228,7751,7752,,1.0,2,1.0,0.9974489795918368,,49,,1.0,0,0.9974489795918368,49,49,50,49
msg_422,node49,node30,228,7751,7752,,1.0,2,1.0,0.9974489795918368,,49,,1.0,0,0.9974489795918368,49,49,50,49
msg_423,node49,node31,228,7751,7752,,1.0,2,1.0,0.9974489795918368,,49,,1.0,0,0.9974489795918368,49,49,50,49
msg_424,node49,node32,228,7751,7752,,1.0,2,1.0,0.9974489795918368,,49,,1.0,0,0.9974489795918368,49,49,50,49
msg_425,node49,node33,228,7751,7752,,1.0,2,1.0,0.9974489795918368,,49,,1.0,0,0.9974489795918368,49,49,50,49
msg_426,node49,node34,228,7751,7752,,1.0,2,1.0,0.9974489795918368,,49,,1.0,0,0.9974489795918368,49,49,50,49
msg_427,node49,node35,228,7751,7752,,1.0,2,1.0,0.9974489795918368,,49,,1.0,0,0.9974489795918368,49,49,50,49
msg_428,node49,node36,228,7751,7752,,1.0,2,1.0,0.9974489795918368,,49,,1.0,0,0.9974489795918368,49,49,50,49
msg_429,node49,node37,228,7751,7752,,1.0,2,1.0,0.9974489795918368,,49,,1.0,0,0.9974489795918368,49,49,50,49
msg_430,node49,node38,228,7751,7752,,1.0,2,1.0,0.9974489795918368,,49,,1.0,0,0.9974489795918368,49,49,50,49
msg_431,node49,node39,228,7751,7752,,1.0,2,1.0,0.9974489795918368,,49,,1.0,0,0.9974489795918368,49,49,50,49
msg_432,node49,node40,228,7751,7752,,1.0,2,1.0,0.9974489795918368,,49,,1.0,0,0.9974489795918368,49,49,50,49
msg_433,node49,node41,228,7751,7752,,1.0,2,1.0,0.9974489795918368,,49,,1.0,0,0.9974489795918368,49,49,50,49
msg_434,node49,node42,228,7751,7752,,1.0,2,1.0,0.9974489795918368,,49,,1.0,0,0.9974489795918368,49,49,50,49
msg_435,node49,node43,228,7751,7752,,1.0,2,1.0,0.9974489795918368,,49,,1.0,0,0.9974489795918368,49,49,50,49
msg_436,node49,node44,228,7751,7752,,1.0,2,1.0,0.9974489795918368,,49,,1.0,0,0.9974489795918368,49,49,50,49
msg_437,node49,node45,228,7751,7752,,1.0,2,1.0,0.9974489795918368,,49,,1.0,0,0.9974489795918368,49,49,50,49
msg_438,node49,node46,228,7751,7752,,1.0,2,1.0,0.9974489795918368,,49,,1.0,0,0.9974489795918368,49,49,50,49
msg_439,node49,node47,228,7751,7752,,1.0,2,1.0,0.9974489795918368,,49,,1.0,0,0.9974489795918368,49,49,50,49
msg_440,node49,node48,228,7751,7752,,1.0,2,1.0,0.9974489795918368,,49,,1.0,0,0.9974489795918368,49,49,50,49
msg_441,node49,node0,227,7780,7781,,1.0,2,1.0,0.9977324263038548,,49,,0.8888888888888888,0,0.9977324263038548,49,49,50,49
msg_442,node49,node1,227,7780,7781,,1.0,2,1.0,0.9977324263038548,,49,,1.0,0,0.9977324263038548,49,49,50,49
msg_443,node49,node2,227,7780,7781,,1.0,2,1.0,0.9977324263038548,,49,,1.0,0,0.9977324263038548,49,49,50,49
msg_444,node49,node3,227,7780,7781,,1.0,2,1.0,0.9977324263038548,,49,,1.0,0,0.9977324263038548,49,49,50,49
msg_445,node49,node4,227,7780,7781,,1.0,2,1.0,0.9977324263038548,,49,,1.0,0,0.9977324263038548,49,49,50,49
msg_446,node49,node5,227,7780,7781,,1.0,2,1.0,0.9977324263038548,,49,,1.0,0,0.9977324263038548,49,49,50,49
msg_447,node49,node6,227,7780,7781,,1.0,2,1.0,0.9977324263038548,,49,,1.0,0,0.9977324263038548,49,49,50,49
msg_448,node49,node7,227,7780,7781,,1.0,2,1.0,0.9977324263038548,,49,,1.0,0,0.9977324263038548,49,49,50,49
msg_449,node49,node8,227,7780,7781,,1.0,2,1.0,0.9977324263038548,,49,,1.0,0,0.9977324263038548,49,49,50,49
msg_450,node49,node9,227,7780,7781,,1.0,2,1.0,0.9977324263038548,,49,,1.0,0,0.9977324263038548,49,49,50,49
msg_451,node49,node10,228,7780,7781,,1.0,2,1.0,0.9977324263038548,,49,,1.0,0,0.9977324263038548,49,49,50,49
msg_452,node49,node11,228,7780,7781,,1.0,2,1.0,0.9977324263038548,,49,,1.0,0,0.9977324263038548,49,49,50,49
msg_453,node49,node12,228,7780,7781,,1.0,2,1.0,0.9977324263038548,,49,,1.0,0,0.9977324263038548,49,49,50,49
msg_454,node49,node13,228,7780,7781,,1.0,2,1.0,0.9977324263038548,,49,,1.0,0,0.9977324263038548,49,49,50,49
msg_455,node49,node14,228,7780,7781,,1.0,2,1.0,0.9977324263038548,,49,,1.0,0,0.9977324263038548,49,49,50,49
msg_456,node49,node15,228,7780,7781,,1.0,2,1.0,0.9977324263038548,,49,,1.0,0,0.9977324263038548,49,49,50,49
msg_457,node49,node16,228,7780,7781,,1.0,2,1.0,0.9977324263038548,,49,,1.0,0,0.9977324263038548,49,49,50,49
msg_458,node49,node17,228,7780,7781,,1.0,2,1.0,0.9977324263038548,,49,,1.0,0,0.9977324263038548,49,49,50,49
msg_459,node49,node18,228,7780,7781,,1.0,2,1.0,0.9977324263038548,,49,,1.0,0,0.9977324263038548,49,49,50,49
msg_460,node49,node19,228,7780,7781,,1.0,2,1.0,0.9977324263038548,,49,,1.0,0,0.9977324263038548,49,49,50,49
msg_461,node49,node20,228,7780,7781,,1.0,2,1.0,0.9977324263038548,,49,,1.0,0,0.9977324263038548,49,49,50,49
msg_462,node49,node21,228,7780,7781,,1.0,2,1.0,0.9977324263038548,,49,,1.0,0,0.9977324263038548,49,49,50,49
msg_463,node49,node22,228,7780,7781,,1.0,2,1.0,0.9977324263038548,,49,,1.0,0,0.9977324263038548,49,49,50,49
msg_464,node49,node23,228,7780,7781,,1.0,2,1.0,0.9977324263038548,,49,,1.0,0,0.9977324263038548,49,49,50,49
msg_465,node49,node24,228,7780,7781,,1.0,2,1.0,0.9977324263038548,,49,,1.0,0,0.9977324263038548,49,49,50,49
msg_466,node49,node25,228,7780,7781,,1.0,2,1.0,0.9977324263038548,,49,,1.0,0,0.9977324263038548,49,49,50,49
msg_467,node49,node26,228,7780,7781,,1.0,2,1.0,0.9977324263038548,,49,,1.0,0,0.9977324263038548,49,49,50,49
msg_468,node49,node27,228,7780,7781,,1.0,2,1.0,0.9977324263038548,,49,,1.0,0,0.9977324263038548,49,49,50,49
msg_469,node49,node28,228,7780,7781,,1.0,2,1.0,0.9977324263038548,,49,,1.0,0,0.9977324263038548,49,49,50,49
msg_470,node49,node29,228,7780,7781,,1.0,2,1.0,0.9977324263038548,,49,,1.0,0,0.9977324263038548,49,49,50,49
msg_471,node49,node30,228,7780,7781,,1.0,2,1.0,0.9977324263038548,,49,,1.0,0,0.9977324263038548,49,49,50,49
msg_472,node49,node31,228,7780,7781,,1.0,2,1.0,0.9977324263038548,,49,,1.0,0,0.9977324263038548,49,49,50,49
msg_473,node49,node32,228,7780,7781,,1.0,2,1.0,0.9977324263038548,,49,,1.0,0,0.9977324263038548,49,49,50,49
msg_474,node49,node33,228,7780,7781,,1.0,2,1.0,0.9977324263038548,,49,,1.0,0,0.9977324263038548,49,49,50,49
msg_475,node49,node34,228,7780,7781,,1.0,2,1.0,0.9977324263038548,,49,,1.0,0,0.9977324263038548,49,49,50,49
msg_476,node49,node35,228,7780,7781,,1.0,2,1.0,0.9977324263038548,,49,,1.0,0,0.9977324263038548,49,49,50,49
msg_477,node49,node36,228,7780,7781,,1.0,2,1.0,0.9977324263038548,,49,,1.0,0,0.9977324263038548,49,49,50,49
msg_478,node49,node37,228,7780,7781,,1.0,2,1.0,0.9977324263038548,,49,,1.0,0,0.9977324263038548,49,49,50,49
msg_479,node49,node38,228,7780,7781,,1.0,2,1.0,0.9977324263038548,,49,,1.0,0,0.9977324263038548,49,49,50,49
msg_480,node49,node39,228,7780,7781,,1.0,2,1.0,0.9977324263038548,,49,,1.0,0,0.9977324263038548,49,49,50,49
msg_481,node49,node40,228,7780,7781,,1.0,2,1.0,0.9977324263038548,,49,,1.0,0,0.9977324263038548,49,49,50,49
msg_482,node49,node41,228,7780,7781,,1.0,2,1.0,0.9977324263038548,,49,,1.0,0,0.9977324263038548,49,49,50,49
msg_483,node49,node42,228,7780,7781,,1.0,2,1.0,0.9977324263038548,,49,,1.0,0,0.9977324263038548,49,49,50,49
msg_484,node49,node43,228,7780,7781,,1.0,2,1.0,0.9977324263038548,,49,,1.0,0,0.9977324263038548,49,49,50,49
msg_485,node49,node44,228,7780,7781,,1.0,2,1.0,0.9977324263038548,,49,,1.0,0,0.9977324263038548,49,49,50,49
msg_486,node49,node45,228,7780,7781,,1.0,2,1.0,0.9977324263038548,,49,,1.0,0,0.9977324263038548,49,49,50,49
msg_487,node49,node46,228,7780,7781,,1.0,2,1.0,0.9977324263038548,,49,,1.0,0,0.9977324263038548,49,49,50,49
msg_488,node49,node47,228,7780,7781,,1.0,2,1.0,0.9977324263038548,,49,,1.0,0,0.9977324263038548,49,49,50,49
msg_489,node49,node48,228,7780,7781,,1.0,2,1.0,0.9977324263038548,,49,,1.0,0,0.9977324263038548,49,49,50,49
msg_490,node49,node0,227,9585,9586,,1.0,2,1.0,0.9979591836734694,,49,,0.9,0,0.9979591836734694,49,49,50,49
msg_491,node49,node1,227,9585,9586,,1.0,2,1.0,0.9979591836734694,,49,,1.0,0,0.9979591836734694,49,49,50,49
msg_492,node49,node2,227,9585,9586,,1.0,2,1.0,0.9979591836734694,,49,,1.0,0,0.9979591836734694,49,49,50,49
msg_493,node49,node3,227,9585,9586,,1.0,2,1.0,0.9979591836734694,,49,,1.0,0,0.9979591836734694,49,49,50,49
msg_494,node49,node4,227,9585,9586,,1.0,2,1.0,0.9979591836734694,,49,,1.0,0,0.9979591836734694,49,49,50,49
msg_495,node49,node5,227,9585,9586,,1.0,2,1.0,0.9979591836734694,,49,,1.0,0,0.9979591836734694,49,49,50,49
msg_496,node49,node6,227,9585,9586,,1.0,2,1.0,0.9979591836734694,,49,,1.0,0,0.9979591836734694,49,49,50,49
msg_497,node49,node7,227,9585,9586,,1.0,2,1.0,0.9979591836734694,,49,,1.0,0,0.9979591836734694,49,49,50,49
msg_498,node49,node8,227,9585,9586,,1.0,2,1.0,0.9979591836734694,,49,,1.0,0,0.9979591836734694,49,49,50,49
msg_499,node49,node9,227,9585,9586,,1.0,2,1.0,0.9979591836734694,,49,,1.0,0,0.9979591836734694,49,49,50,49
msg_500,node49,node10,228,9585,9586,,1.0,2,1.0,0.9979591836734694,,49,,1.0,0,0.9979591836734694,49,49,50,49
msg_501,node49,node11,228,9585,9586,,1.0,2,1.0,0.9979591836734694,,49,,1.0,0,0.9979591836734694,49,49,50,49
msg_502,node49,node12,228,9585,9586,,1.0,2,1.0,0.9979591836734694,,49,,1.0,0,0.9979591836734694,49,49,50,49
msg_503,node49,node13,228,9585,9586,,1.0,2,1.0,0.9979591836734694,,49,,1.0,0,0.9979591836734694,49,49,50,49
msg_504,node49,node14,228,9585,9586,,1.0,2,1.0,0.9979591836734694,,49,,1.0,0,0.9979591836734694,49,49,50,49
msg_505,node49,node15,228,9585,9586,,1.0,2,1.0,0.9979591836734694,,49,,1.0,0,0.9979591836734694,49,49,50,49
msg_506,node49,node16,228,9585,9586,,1.0,2,1.0,0.9979591836734694,,49,,1.0,0,0.9979591836734694,49,49,50,49
msg_507,node49,node17,228,9585,9586,,1.0,2,1.0,0.9979591836734694,,49,,1.0,0,0.9979591836734694,49,49,50,49
msg_508,node49,node18,228,9585,9586,,1.0,2,1.0,0.9979591836734694,,49,,1.0,0,0.9979591836734694,49,49,50,49
msg_509,node49,node19,228,9585,9586,,1.0,2,1.0,0.9979591836734694,,49,,1.0,0,0.9979591836734694,49,49,50,49
msg_510,node49,node20,228,9585,9586,,1.0,2,1.0,0.9979591836734694,,49,,1.0,0,0.9979591836734694,49,49,50,49
msg_511,node49,node21,228,9585,9586,,1.0,2,1.0,0.9979591836734694,,49,,1.0,0,0.9979591836734694,49,49,50,49
msg_512,node49,node22,228,9585,9586,,1.0,2,1.0,0.9979591836734694,,49,,1.0,0,0.9979591836734694,49,49,50,49
msg_513,node49,node23,228,9585,9586,,1.0,2,1.0,0.9979591836734694,,49,,1.0,0,0.9979591836734694,49,49,50,49
msg_514,node49,node24,228,9585,9586,,1.0,2,1.0,0.9979591836734694,,49,,1.0,0,0.9979591836734694,49,49,50,49
msg_515,node49,node25,228,9585,9586,,1.0,2,1.0,0.9979591836734694,,49,,1.0,0,0.9979591836734694,49,49,50,49
msg_516,node49,node26,228,9585,9586,,1.0,2,1.0,0.9979591836734694,,49,,1.0,0,0.9979591836734694,49,49,50,49
msg_517,node49,node27,228,9585,9586,,1.0,2,1.0,0.9979591836734694,,49,,1.0,0,0.9979591836734694,49,49,50,49
msg_518,node49,node28,228,9585,9586,,1.0,2,1.0,0.9979591836734694,,49,,1.0,0,0.9979591836734694,49,49,50,49
msg_519,node49,node29,228,9585,9586,,1.0,2,1.0,0.9979591836734694,,49,,1.0,0,0.9979591836734694,49,49,50,49
msg_520,node49,node30,228,9585,9586,,1.0,2,1.0,0.9979591836734694,,49,,1.0,0,0.9979591836734694,49,49,50,49
msg_521,node49,node31,228,9585,9586,,1.0,2,1.0,0.9979591836734694,,49,,1.0,0,0.9979591836734694,49,49,50,49
msg_522,node49,node32,228,9585,9586,,1.0,2,1.0,0.9979591836734694,,49,,1.0,0,0.9979591836734694,49,49,50,49
msg_523,node49,node33,228,9585,9586,,1.0,2,1.0,0.9979591836734694,,49,,1.0,0,0.9979591836734694,49,49,50,49
msg_524,node49,node34,228,9585,9586,,1.0,2,1.0,0.9979591836734694,,49,,1.0,0,0.9979591836734694,49,49,50,49
msg_525,node49,node35,228,9585,9586,,1.0,2,1.0,0.9979591836734694,,49,,1.0,0,0.9979591836734694,49,49,50,49
msg_526,node49,node36,228,9585,9586,,1.0,2,1.0,0.9979591836734694,,49,,1.0,0,0.9979591836734694,49,49,50,49
msg_527,node49,node37,228,9585,9586,,1.0,2,1.0,0.9979591836734694,,49,,1.0,0,0.9979591836734694,49,49,50,49
msg_528,node49,node38,228,9585,9586,,1.0,2,1.0,0.9979591836734694,,49,,1.0,0,0.9979591836734694,49,49,50,49
msg_529,node49,node39,228,9585,9586,,1.0,2,1.0,0.9979591836734694,,49,,1.0,0,0.9979591836734694,49,49,50,49
msg_530,node49,node40,228,9585,9586,,1.0,2,1.0,0.9979591836734694,,49,,1.0,0,0.9979591836734694,49,49,50,49
msg_531,node49,node41,228,9585,9586,,1.0,2,1.0,0.9979591836734694,,49,,1.0,0,0.9979591836734694,49,49,50,49
msg_532,node49,node42,228,9585,9586,,1.0,2,1.0,0.9979591836734694,,49,,1.0,0,0.9979591836734694,49,49,50,49
msg_533,node49,node43,228,9585,9586,,1.0,2,1.0,0.9979591836734694,,49,,1.0,0,0.9979591836734694,49,49,50,49
msg_534,node49,node44,228,9585,9586,,1.0,2,1.0,0.9979591836734694,,49,,1.0,0,0.9979591836734694,49,49,50,49
msg_535,node49,node45,228,9585,9586,,1.0,2,1.0,0.9979591836734694,,49,,1.0,0,0.9979591836734694,49,49,50,49
msg_536,node49,node46,228,9585,9586,,1.0,2,1.0,0.9979591836734694,,49,,1.0,0,0.9979591836734694,49,49,50,49
msg_537,node49,node47,228,9585,9586,,1.0,2,1.0,0.9979591836734694,,49,,1.0,0,0.9979591836734694,49,49,50,49
msg_538,node49,node48,228,9585,9586,,1.0,2,1.0,0.9979591836734694,,49,,1.0,0,0.9979591836734694,49,49,50,49
msg_539,node49,node0,227,10152,10153,,1.0,2,1.0,0.9981447124304267,,49,,0.9090909090909091,0,0.9981447124304267,49,49,50,49
msg_540,node49,node1,227,10152,10153,,1.0,2,1.0,0.9981447124304267,,49,,1.0,0,0.9981447124304267,49,49,50,49
msg_541,node49,node2,227,10152,10153,,1.0,2,1.0,0.9981447124304267,,49,,1.0,0,0.9981447124304267,49,49,50,49
msg_542,node49,node3,227,10152,10153,,1.0,2,1.0,0.9981447124304267,,49,,1.0,0,0.9981447124304267,49,49,50,49
msg_543,node49,node4,227,10152,10153,,1.0,2,1.0,0.9981447124304267,,49,,1.0,0,0.9981447124304267,49,49,50,49
msg_544,node49,node5,227,10152,10153,,1.0,2,1.0,0.9981447124304267,,49,,1.0,0,0.9981447124304267,49,49,50,49
msg_545,node49,node6,227,10152,10153,,1.0,2,1.0,0.9981447124304267,,49,,1.0,0,0.9981447124304267,49,49,50,49
msg_546,node49,node7,227,10152,10153,,1.0,2,1.0,0.9981447124304267,,49,,1.0,0,0.9981447124304267,49,49,50,49
msg_547,node49,node8,227,10152,10153,,1.0,2,1.0,0.9981447124304267,,49,,1.0,0,0.9981447124304267,49,49,50,49
msg_548,node49,node9,227,10152,10153,,1.0,2,1.0,0.9981447124304267,,49,,1.0,0,0.9981447124304267,49,49,50,49
msg_549,node49,node10,228,10152,10153,,1.0,2,1.0,0.9981447124304267,,49,,1.0,0,0.9981447124304267,49,49,50,49
msg_550,node49,node11,228,10152,10153,,1.0,2,1.0,0.9981447124304267,,49,,1.0,0,0.9981447124304267,49,49,50,49
msg_551,node49,node12,228,10152,10153,,1.0,2,1.0,0.9981447124304267,,49,,1.0,0,0.9981447124304267,49,49,50,49
msg_552,node49,node13,228,10152,10153,,1.0,2,1.0,0.9981447124304267,,49,,1.0,0,0.9981447124304267,49,49,50,49
msg_553,node49,node14,228,10152,10153,,1.0,2,1.0,0.9981447124304267,,49,,1.0,0,0.9981447124304267,49,49,50,49
msg_554,node49,node15,228,10152,10153,,1.0,2,1.0,0.9981447124304267,,49,,1.0,0,0.9981447124304267,49,49,50,49
msg_555,node49,node16,228,10152,10153,,1.0,2,1.0,0.9981447124304267,,49,,1.0,0,0.9981447124304267,49,49,50,49
msg_556,node49,node17,228,10152,10153,,1.0,2,1.0,0.9981447124304267,,49,,1.0,0,0.9981447124304267,49,49,50,49
msg_557,node49,node18,228,10152,10153,,1.0,2,1.0,0.9981447124304267,,49,,1.0,0,0.9981447124304267,49,49,50,49
msg_558,node49,node19,228,10152,10153,,1.0,2,1.0,0.9981447124304267,,49,,1.0,0,0.9981447124304267,49,49,50,49
msg_559,node49,node20,228,10152,10153,,1.0,2,1.0,0.9981447124304267,,49,,1.0,0,0.9981447124304267,49,49,50,49
msg_560,node49,node21,228,10152,10153,,1.0,2,1.0,0.9981447124304267,,49,,1.0,0,0.9981447124304267,49,49,50,49
msg_561,node49,node22,228,10152,10153,,1.0,2,1.0,0.9981447124304267,,49,,1.0,0,0.9981447124304267,49,49,50,49
msg_562,node49,node23,228,10152,10153,,1.0,2,1.0,0.9981447124304267,,49,,1.0,0,0.9981447124304267,49,49,50,49
msg_563,node49,node24,228,10152,10153,,1.0,2,1.0,0.9981447124304267,,49,,1.0,0,0.9981447124304267,49,49,50,49
msg_564,node49,node25,228,10152,10153,,1.0,2,1.0,0.9981447124304267,,49,,1.0,0,0.9981447124304267,49,49,50,49
msg_565,node49,node26,228,10152,10153,,1.0,2,1.0,0.9981447124304267,,49,,1.0,0,0.9981447124304267,49,49,50,49
msg_566,node49,node27,228,10152,10153,,1.0,2,1.0,0.9981447124304267,,49,,1.0,0,0.9981447124304267,49,49,50,49
msg_567,node49,node28,228,10152,10153,,1.0,2,1.0,0.9981447124304267,,49,,1.0,0,0.9981447124304267,49,49,50,49
msg_568,node49,node29,228,10152,10153,,1.0,2,1.0,0.9981447124304267,,49,,1.0,0,0.9981447124304267,49,49,50,49
msg_569,node49,node30,228,10152,10153,,1.0,2,1.0,0.9981447124304267,,49,,1.0,0,0.9981447124304267,49,49,50,49
msg_570,node49,node31,228,10152,10153,,1.0,2,1.0,0.9981447124304267,,49,,1.0,0,0.9981447124304267,49,49,50,49
msg_571,node49,node32,228,10152,10153,,1.0,2,1.0,0.9981447124304267,,49,,1.0,0,0.9981447124304267,49,49,50,49
msg_572,node49,node33,228,10152,10153,,1.0,2,1.0,0.9981447124304267,,49,,1.0,0,0.9981447124304267,49,49,50,49
msg_573,node49,node34,228,10152,10153,,1.0,2,1.0,0.9981447124304267,,49,,1.0,0,0.9981447124304267,49,49,50,49
msg_574,node49,node35,228,10152,10153,,1.0,2,1.0,0.9981447124304267,,49,,1.0,0,0.9981447124304267,49,49,50,49
msg_575,node49,node36,228,10152,10153,,1.0,2,1.0,0.9981447124304267,,49,,1.0,0,0.9981447124304267,49,49,50,49
msg_576,node49,node37,228,10152,10153,,1.0,2,1.0,0.9981447124304267,,49,,1.0,0,0.9981447124304267,49,49,50,49
msg_577,node49,node38,228,10152,10153,,1.0,2,1.0,0.9981447124304267,,49,,1.0,0,0.9981447124304267,49,49,50,49
msg_578,node49,node39,228,10152,10153,,1.0,2,1.0,0.9981447124304267,,49,,1.0,0,0.9981447124304267,49,49,50,49
msg_579,node49,node40,228,10152,10153,,1.0,2,1.0,0.9981447124304267,,49,,1.0,0,0.9981447124304267,49,49,50,49
msg_580,node49,node41,228,10152,10153,,1.0,2,1.0,0.9981447124304267,,49,,1.0,0,0.9981447124304267,49,49,50,49
msg_581,node49,node42,228,10152,10153,,1.0,2,1.0,0.9981447124304267,,49,,1.0,0,0.9981447124304267,49,49,50,49
msg_582,node49,node43,228,10152,10153,,1.0,2,1.0,0.9981447124304267,,49,,1.0,0,0.9981447124304267,49,49,50,49
msg_583,node49,node44,228,10152,10153,,1.0,2,1.0,0.9981447124304267,,49,,1.0,0,0.9981447124304267,49,49,50,49
msg_584,node49,node45,228,10152,10153,,1.0,2,1.0,0.9981447124304267,,49,,1.0,0,0.9981447124304267,49,49,50,49
msg_585,node49,node46,228,10152,10153,,1.0,2,1.0,0.9981447124304267,,49,,1.0,0,0.9981447124304267,49,49,50,49
msg_586,node49,node47,228,10152,10153,,1.0,2,1.0,0.9981447124304267,,49,,1.0,0,0.9981447124304267,49,49,50,49
msg_587,node49,node48,228,10152,10153,,1.0,2,1.0,0.9981447124304267,,49,,1.0,0,0.9981447124304267,49,49,50,49
msg_588,node49,node0,227,11590,11591,,1.0,2,1.0,0.9982993197278912,,49,,0.9166666666666666,0,0.9982993197278912,49,49,50,49
msg_589,node49,node1,227,11590,11591,,1.0,2,1.0,0.9982993197278912,,49,,1.0,0,0.9982993197278912,49,49,50,49
msg_590,node49,node2,227,11590,11591,,1.0,2,1.0,0.9982993197278912,,49,,1.0,0,0.9982993197278912,49,49,50,49
msg_591,node49,node3,227,11590,11591,,1.0,2,1.0,0.9982993197278912,,49,,1.0,0,0.9982993197278912,49,49,50,49
msg_592,node49,node4,227,11590,11591,,1.0,2,1.0,0.9982993197278912,,49,,1.0,0,0.9982993197278912,49,49,50,49
msg_593,node49,node5,227,11590,11591,,1.0,2,1.0,0.9982993197278912,,49,,1.0,0,0.9982993197278912,49,49,50,49
msg_594,node49,node6,227,11590,11591,,1.0,2,1.0,0.9982993197278912,,49,,1.0,0,0.9982993197278912,49,49,50,49
msg_595,node49,node7,227,11590,11591,,1.0,2,1.0,0.9982993197278912,,49,,1.0,0,0.9982993197278912,49,49,50,49
msg_596,node49,node8,227,11590,11591,,1.0,2,1.0,0.9982993197278912,,49,,1.0,0,0.9982993197278912,49,49,50,49
msg_597,node49,node9,227,11590,11591,,1.0,2,1.0,0.9982993197278912,,49,,1.0,0,0.9982993197278912,49,49,50,49
msg_598,node49,node10,228,11590,11591,,1.0,2,1.0,0.9982993197278912,,49,,1.0,0,0.9982993197278912,49,49,50,49
msg_599,node49,node11,228,11590,11591,,1.0,2,1.0,0.9982993197278912,,49,,1.0,0,0.9982993197278912,49,49,50,49
msg_600,node49,node12,228,11590,11591,,1.0,2,1.0,0.9982993197278912,,49,,1.0,0,0.9982993197278912,49,49,50,49
msg_601,node49,node13,228,11590,11591,,1.0,2,1.0,0.9982993197278912,,49,,1.0,0,0.9982993197278912,49,49,50,49
msg_602,node49,node14,228,11590,11591,,1.0,2,1.0,0.9982993197278912,,49,,1.0,0,0.9982993197278912,49,49,50,49
msg_603,node49,node15,228,11590,11591,,1.0,2,1.0,0.9982993197278912,,49,,1.0,0,0.9982993197278912,49,49,50,49
msg_604,node49,node16,228,11590,11591,,1.0,2,1.0,0.9982993197278912,,49,,1.0,0,0.9982993197278912,49,49,50,49
msg_605,node49,node17,228,11590,11591,,1.0,2,1.0,0.9982993197278912,,49,,1.0,0,0.9982993197278912,49,49,50,49
msg_606,node49,node18,228,11590,11591,,1.0,2,1.0,0.9982993197278912,,49,,1.0,0,0.9982993197278912,49,49,50,49
msg_607,node49,node19,228,11590,11591,,1.0,2,1.0,0.9982993197278912,,49,,1.0,0,0.9982993197278912,49,49,50,49
msg_608,node49,node20,228,11590,11591,,1.0,2,1.0,0.9982993197278912,,49,,1.0,0,0.9982993197278912,49,49,50,49
msg_609,node49,node21,228,11590,11591,,1.0,2,1.0,0.9982993197278912,,49,,1.0,0,0.9982993197278912,49,49,50,49
msg_610,node49,node22,228,11590,11591,,1.0,2,1.0,0.9982993197278912,,49,,1.0,0,0.9982993197278912,49,49,50,49
msg_611,node49,node23,228,11590,11591,,1.0,2,1.0,0.9982993197278912,,49,,1.0,0,0.9982993197278912,49,49,50,49
msg_612,node49,node24,228,11590,11591,,1.0,2,1.0,0.9982993197278912,,49,,1.0,0,0.9982993197278912,49,49,50,49
msg_613,node49,node25,228,11590,11591,,1.0,2,1.0,0.9982993197278912,,49,,1.0,0,0.9982993197278912,49,49,50,49
msg_614,node49,node26,228,11590,11591,,1.0,2,1.0,0.9982993197278912,,49,,1.0,0,0.9982993197278912,49,49,50,49
msg_615,node49,node27,228,11590,11591,,1.0,2,1.0,0.9982993197278912,,49,,1.0,0,0.9982993197278912,49,49,50,49
msg_616,node49,node28,228,11590,11591,,1.0,2,1.0,0.9982993197278912,,49,,1.0,0,0.9982993197278912,49,49,50,49
msg_617,node49,node29,228,11590,11591,,1.0,2,1.0,0.9982993197278912,,49,,1.0,0,0.9982993197278912,49,49,50,49
msg_618,node49,node30,228,11590,11591,,1.0,2,1.0,0.9982993197278912,,49,,1.0,0,0.9982993197278912,49,49,50,49
msg_619,node49,node31,228,11590,11591,,1.0,2,1.0,0.9982993197278912,,49,,1.0,0,0.9982993197278912,49,49,50,49
msg_620,node49,node32,228,11590,11591,,1.0,2,1.0,0.9982993197278912,,49,,1.0,0,0.9982993197278912,49,49,50,49
msg_621,node49,node33,228,11590,11591,,1.0,2,1.0,0.9982993197278912,,49,,1.0,0,0.9982993197278912,49,49,50,49
msg_622,node49,node34,228,11590,11591,,1.0,2,1.0,0.9982993197278912,,49,,1.0,0,0.9982993197278912,49,49,50,49
msg_623,node49,node35,228,11590,11591,,1.0,2,1.0,0.9982993197278912,,49,,1.0,0,0.9982993197278912,49,49,50,49
msg_624,node49,node36,228,11590,11591,,1.0,2,1.0,0.9982993197278912,,49,,1.0,0,0.9982993197278912,49,49,50,49
msg_625,node49,node37,228,11590,11591,,1.0,2,1.0,0.9982993197278912,,49,,1.0,0,0.9982993197278912,49,49,50,49
msg_626,node49,node38,228,11590,11591,,1.0,2,1.0,0.9982993197278912,,49,,1.0,0,0.9982993197278912,49,49,50,49
msg_627,node49,node39,228,11590,11591,,1.0,2,1.0,0.9982993197278912,,49,,1.0,0,0.9982993197278912,49,49,50,49
msg_628,node49,node40,228,11590,11591,,1.0,2,1.0,0.9982993197278912,,49,,1.0,0,0.9982993197278912,49,49,50,49
msg_629,node49,node41,228,11590,11591,,1.0,2,1.0,0.9982993197278912,,49,,1.0,0,0.9982993197278912,49,49,50,49
msg_630,node49,node42,228,11590,11591,,1.0,2,1.0,0.9982993197278912,,49,,1.0,0,0.9982993197278912,49,49,50,49
msg_631,node49,node43,228,11590,11591,,1.0,2,1.0,0.9982993197278912,,49,,1.0,0,0.9982993197278912,49,49,50,49
msg_632,node49,node44,228,11590,11591,,1.0,2,1.0,0.9982993197278912,,49,,1.0,0,0.9982993197278912,49,49,50,49
msg_633,node49,node45,228,11590,11591,,1.0,2,1.0,0.9982993197278912,,49,,1.0,0,0.9982993197278912,49,49,50,49
msg_634,node49,node46,228,11590,11591,,1.0,2,1.0,0.9982993197278912,,49,,1.0,0,0.9982993197278912,49,49,50,49
msg_635,node49,node47,228,11590,11591,,1.0,2,1.0,0.9982993197278912,,49,,1.0,0,0.9982993197278912,49,49,50,49
msg_636,node49,node48,228,11590,11591,,1.0,2,1.0,0.9982993197278912,,49,,1.0,0,0.9982993197278912,49,49,50,49
msg_637,node49,node0,227,11592,11593,,1.0,2,1.0,0.9984301412872841,,49,,0.9230769230769231,0,0.9984301412872841,49,49,50,49
msg_638,node49,node1,227,11592,11593,,1.0,2,1.0,0.9984301412872841,,49,,1.0,0,0.9984301412872841,49,49,50,49
msg_639,node49,node2,227,11592,11593,,1.0,2,1.0,0.9984301412872841,,49,,1.0,0,0.9984301412872841,49,49,50,49
msg_640,node49,node3,227,11592,11593,,1.0,2,1.0,0.9984301412872841,,49,,1.0,0,0.9984301412872841,49,49,50,49
msg_641,node49,node4,227,11592,11593,,1.0,2,1.0,0.9984301412872841,,49,,1.0,0,0.9984301412872841,49,49,50,49
msg_642,node49,node5,227,11592,11593,,1.0,2,1.0,0.9984301412872841,,49,,1.0,0,0.9984301412872841,49,49,50,49
msg_643,node49,node6,227,11592,11593,,1.0,2,1.0,0.9984301412872841,,49,,1.0,0,0.9984301412872841,49,49,50,49
msg_644,node49,node7,227,11592,11593,,1.0,2,1.0,0.9984301412872841,,49,,1.0,0,0.9984301412872841,49,49,50,49
msg_645,node49,node8,227,11592,11593,,1.0,2,1.0,0.9984301412872841,,49,,1.0,0,0.9984301412872841,49,49,50,49
msg_646,node49,node9,227,11592,11593,,1.0,2,1.0,0.9984301412872841,,49,,1.0,0,0.9984301412872841,49,49,50,49
msg_647,node49,node10,228,11592,11593,,1.0,2,1.0,0.9984301412872841,,49,,1.0,0,0.9984301412872841,49,49,50,49
msg_648,node49,node11,228,11592,11593,,1.0,2,1.0,0.9984301412872841,,49,,1.0,0,0.9984301412872841,49,49,50,49
msg_649,node49,node12,228,11592,11593,,1.0,2,1.0,0.9984301412872841,,49,,1.0,0,0.9984301412872841,49,49,50,49
msg_650,node49,node13,228,11592,11593,,1.0,2,1.0,0.9984301412872841,,49,,1.0,0,0.9984301412872841,49,49,50,49
msg_651,node49,node14,228,11592,11593,,1.0,2,1.0,0.9984301412872841,,49,,1.0,0,0.9984301412872841,49,49,50,49
msg_652,node49,node15,228,11592,11593,,1.0,2,1.0,0.9984301412872841,,49,,1.0,0,0.9984301412872841,49,49,50,49
msg_653,node49,node16,228,11592,11593,,1.0,2,1.0,0.9984301412872841,,49,,1.0,0,0.9984301412872841,49,49,50,49
msg_654,node49,node17,228,11592,11593,,1.0,2,1.0,0.9984301412872841,,49,,1.0,0,0.9984301412872841,49,49,50,49
msg_655,node49,node18,228,11592,11593,,1.0,2,1.0,0.9984301412872841,,49,,1.0,0,0.9984301412872841,49,49,50,49
msg_656,node49,node19,228,11592,11593,,1.0,2,1.0,0.9984301412872841,,49,,1.0,0,0.9984301412872841,49,49,50,49
msg_657,node49,node20,228,11592,11593,,1.0,2,1.0,0.9984301412872841,,49,,1.0,0,0.9984301412872841,49,49,50,49
msg_658,node49,node21,228,11592,11593,,1.0,2,1.0,0.9984301412872841,,49,,1.0,0,0.9984301412872841,49,49,50,49
msg_659,node49,node22,228,11592,11593,,1.0,2,1.0,0.9984301412872841,,49,,1.0,0,0.9984301412872841,49,49,50,49
msg_660,node49,node23,228,11592,11593,,1.0,2,1.0,0.9984301412872841,,49,,1.0,0,0.9984301412872841,49,49,50,49
msg_661,node49,node24,228,11592,11593,,1.0,2,1.0,0.9984301412872841,,49,,1.0,0,0.9984301412872841,49,49,50,49
msg_662,node49,node25,228,11592,11593,,1.0,2,1.0,0.9984301412872841,,49,,1.0,0,0.9984301412872841,49,49,50,49
msg_663,node49,node26,228,11592,11593,,1.0,2,1.0,0.9984301412872841,,49,,1.0,0,0.9984301412872841,49,49,50,49
msg_664,node49,node27,228,11592,11593,,1.0,2,1.0,0.9984301412872841,,49,,1.0,0,0.9984301412872841,49,49,50,49
msg_665,node49,node28,228,11592,11593,,1.0,2,1.0,0.9984301412872841,,49,,1.0,0,0.9984301412872841,49,49,50,49
msg_666,node49,node29,228,11592,11593,,1.0,2,1.0,0.9984301412872841,,49,,1.0,0,0.9984301412872841,49,49,50,49
msg_667,node49,node30,228,11592,11593,,1.0,2,1.0,0.9984301412872841,,49,,1.0,0,0.9984301412872841,49,49,50,49
msg_668,node49,node31,228,11592,11593,,1.0,2,1.0,0.9984301412872841,,49,,1.0,0,0.9984301412872841,49,49,50,49
msg_669,node49,node32,228,11592,11593,,1.0,2,1.0,0.9984301412872841,,49,,1.0,0,0.9984301412872841,49,49,50,49
msg_670,node49,node33,228,11592,11593,,1.0,2,1.0,0.9984301412872841,,49,,1.0,0,0.9984301412872841,49,49,50,49
msg_671,node49,node34,228,11592,11593,,1.0,2,1.0,0.9984301412872841,,49,,1.0,0,0.9984301412872841,49,49,50,49
msg_672,node49,node35,228,11592,11593,,1.0,2,1.0,0.9984301412872841,,49,,1.0,0,0.9984301412872841,49,49,50,49
msg_673,node49,node36,228,11592,11593,,1.0,2,1.0,0.9984301412872841,,49,,1.0,0,0.9984301412872841,49,49,50,49
msg_674,node49,node37,228,11592,11593,,1.0,2,1.0,0.9984301412872841,,49,,1.0,0,0.9984301412872841,49,49,50,49
msg_675,node49,node38,228,11592,11593,,1.0,2,1.0,0.9984301412872841,,49,,1.0,0,0.9984301412872841,49,49,50,49
msg_676,node49,node39,228,11592,11593,,1.0,2,1.0,0.9984301412872841,,49,,1.0,0,0.9984301412872841,49,49,50,49
msg_677,node49,node40,228,11592,11593,,1.0,2,1.0,0.9984301412872841,,49,,1.0,0,0.9984301412872841,49,49,50,49
msg_678,node49,node41,228,11592,11593,,1.0,2,1.0,0.9984301412872841,,49,,1.0,0,0.9984301412872841,49,49,50,49
msg_679,node49,node42,228,11592,11593,,1.0,2,1.0,0.9984301412872841,,49,,1.0,0,0.9984301412872841,49,49,50,49
msg_680,node49,node43,228,11592,11593,,1.0,2,1.0,0.9984301412872841,,49,,1.0,0,0.9984301412872841,49,49,50,49
msg_681,node49,node44,228,11592,11593,,1.0,2,1.0,0.9984301412872841,,49,,1.0,0,0.9984301412872841,49,49,50,49
msg_682,node49,node45,228,11592,11593,,1.0,2,1.0,0.9984301412872841,,49,,1.0,0,0.9984301412872841,49,49,50,49
msg_683,node49,node46,228,11592,11593,,1.0,2,1.0,0.9984301412872841,,49,,1.0,0,0.9984301412872841,49,49,50,49
msg_684,node49,node47,228,11592,11593,,1.0,2,1.0,0.9984301412872841,,49,,1.0,0,0.9984301412872841,49,49,50,49
msg_685,node49,node48,228,11592,11593,,1.0,2,1.0,0.9984301412872841,,49,,1.0,0,0.9984301412872841,49,49,50,49
msg_686,node49,node0,227,12180,12181,,1.0,2,1.0,0.9985422740524781,,49,,0.9285714285714286,0,0.9985422740524781,49,49,50,49
msg_687,node49,node1,227,12180,12181,,1.0,2,1.0,0.9985422740524781,,49,,1.0,0,0.9985422740524781,49,49,50,49
msg_688,node49,node2,227,12180,12181,,1.0,2,1.0,0.9985422740524781,,49,,1.0,0,0.9985422740524781,49,49,50,49
msg_689,node49,node3,227,12180,12181,,1.0,2,1.0,0.9985422740524781,,49,,1.0,0,0.9985422740524781,49,49,50,49
msg_690,node49,node4,227,12180,12181,,1.0,2,1.0,0.9985422740524781,,49,,1.0,0,0.9985422740524781,49,49,50,49
msg_691,node49,node5,227,12180,12181,,1.0,2,1.0,0.9985422740524781,,49,,1.0,0,0.9985422740524781,49,49,50,49
msg_692,node49,node6,227,12180,12181,,1.0,2,1.0,0.9985422740524781,,49,,1.0,0,0.9985422740524781,49,49,50,49
msg_693,node49,node7,227,12180,12181,,1.0,2,1.0,0.9985422740524781,,49,,1.0,0,0.9985422740524781,49,49,50,49
msg_694,node49,node8,227,12180,12181,,1.0,2,1.0,0.9985422740524781,,49,,1.0,0,0.9985422740524781,49,49,50,49
msg_695,node49,node9,227,12180,12181,,1.0,2,1.0,0.9985422740524781,,49,,1.0,0,0.9985422740524781,49,49,50,49
msg_696,node49,node10,228,12180,12181,,1.0,2,1.0,0.9985422740524781,,49,,1.0,0,0.9985422740524781,49,49,50,49
msg_697,node49,node11,228,12180,12181,,1.0,2,1.0,0.9985422740524781,,49,,1.0,0,0.9985422740524781,49,49,50,49
msg_698,node49,node12,228,12180,12181,,1.0,2,1.0,0.9985422740524781,,49,,1.0,0,0.9985422740524781,49,49,50,49
msg_699,node49,node13,228,12180,12181,,1.0,2,1.0,0.9985422740524781,,49,,1.0,0,0.9985422740524781,49,49,50,49
msg_700,node49,node14,228,12180,12181,,1.0,2,1.0,0.9985422740524781,,49,,1.0,0,0.9985422740524781,49,49,50,49
msg_701,node49,node15,228,12180,12181,,1.0,2,1.0,0.9985422740524781,,49,,1.0,0,0.9985422740524781,49,49,50,49
msg_702,node49,node16,228,12180,12181,,1.0,2,1.0,0.9985422740524781,,49,,1.0,0,0.9985422740524781,49,49,50,49
msg_703,node49,node17,228,12180,12181,,1.0,2,1.0,0.9985422740524781,,49,,1.0,0,0.9985422740524781,49,49,50,49
msg_704,node49,node18,228,12180,12181,,1.0,2,1.0,0.9985422740524781,,49,,1.0,0,0.9985422740524781,49,49,50,49
msg_705,node49,node19,228,12180,12181,,1.0,2,1.0,0.9985422740524781,,49,,1.0,0,0.9985422740524781,49,49,50,49
msg_706,node49,node20,228,12180,12181,,1.0,2,1.0,0.9985422740524781,,49,,1.0,0,0.9985422740524781,49,49,50,49
msg_707,node49,node21,228,12180,12181,,1.0,2,1.0,0.9985422740524781,,49,,1.0,0,0.9985422740524781,49,49,50,49
msg_708,node49,node22,228,12180,12181,,1.0,2,1.0,0.9985422740524781,,49,,1.0,0,0.9985422740524781,49,49,50,49
msg_709,node49,node23,228,12180,12181,,1.0,2,1.0,0.9985422740524781,,49,,1.0,0,0.9985422740524781,49,49,50,49
msg_710,node49,node24,228,12180,12181,,1.0,2,1.0,0.9985422740524781,,49,,1.0,0,0.9985422740524781,49,49,50,49
msg_711,node49,node25,228,12180,12181,,1.0,2,1.0,0.9985422740524781,,49,,1.0,0,0.9985422740524781,49,49,50,49
msg_712,node49,node26,228,12180,12181,,1.0,2,1.0,0.9985422740524781,,49,,1.0,0,0.9985422740524781,49,49,50,49
msg_713,node49,node27,228,12180,12181,,1.0,2,1.0,0.9985422740524781,,49,,1.0,0,0.9985422740524781,49,49,50,49
msg_714,node49,node28,228,12180,12181,,1.0,2,1.0,0.9985422740524781,,49,,1.0,0,0.9985422740524781,49,49,50,49
msg_715,node49,node29,228,12180,12181,,1.0,2,1.0,0.9985422740524781,,49,,1.0,0,0.9985422740524781,49,49,50,49
msg_716,node49,node30,228,12180,12181,,1.0,2,1.0,0.9985422740524781,,49,,1.0,0,0.9985422740524781,49,49,50,49
msg_717,node49,node31,228,12180,12181,,1.0,2,1.0,0.9985422740524781,,49,,1.0,0,0.9985422740524781,49,49,50,49
msg_718,node49,node32,228,12180,12181,,1.0,2,1.0,0.9985422740524781,,49,,1.0,0,0.9985422740524781,49,49,50,49
msg_719,node49,node33,228,12180,12181,,1.0,2,1.0,0.9985422740524781,,49,,1.0,0,0.9985422740524781,49,49,50,49
msg_720,node49,node34,228,12180,12181,,1.0,2,1.0,0.9985422740524781,,49,,1.0,0,0.9985422740524781,49,49,50,49
msg_721,node49,node35,228,12180,12181,,1.0,2,1.0,0.9985422740524781,,49,,1.0,0,0.9985422740524781,49,49,50,49
msg_722,node49,node36,228,12180,12181,,1.0,2,1.0,0.9985422740524781,,49,,1.0,0,0.9985422740524781,49,49,50,49
msg_723,node49,node37,228,12180,12181,,1.0,2,1.0,0.9985422740524781,,49,,1.0,0,0.9985422740524781,49,49,50,49
msg_724,node49,node38,228,12180,12181,,1.0,2,1.0,0.9985422740524781,,49,,1.0,0,0.9985422740524781,49,49,50,49
msg_725,node49,node39,228,12180,12181,,1.0,2,1.0,0.9985422740524781,,49,,1.0,0,0.9985422740524781,49,49,50,49
msg_726,node49,node40,228,12180,12181,,1.0,2,1.0,0.9985422740524781,,49,,1.0,0,0.9985422740524781,49,49,50,49
msg_727,node49,node41,228,12180,12181,,1.0,2,1.0,0.9985422740524781,,49,,1.0,0,0.9985422740524781,49,49,50,49
msg_728,node49,node42,228,12180,12181,,1.0,2,1.0,0.9985422740524781,,49,,1.0,0,0.9985422740524781,49,49,50,49
msg_729,node49,node43,228,12180,12181,,1.0,2,1.0,0.9985422740524781,,49,,1.0,0,0.9985422740524781,49,49,50,49
msg_730,node49,node44,228,12180,12181,,1.0,2,1.0,0.9985422740524781,,49,,1.0,0,0.9985422740524781,49,49,50,49
msg_731,node49,node45,228,12180,12181,,1.0,2,1.0,0.9985422740524781,,49,,1.0,0,0.9985422740524781,49,49,50,49
msg_732,node49,node46,228,12180,12181,,1.0,2,1.0,0.9985422740524781,,49,,1.0,0,0.9985422740524781,49,49,50,49
msg_733,node49,node47,228,12180,12181,,1.0,2,1.0,0.9985422740524781,,49,,1.0,0,0.9985422740524781,49,49,50,49
msg_734,node49,node48,228,12180,12181,,1.0,2,1.0,0.9985422740524781,,49,,1.0,0,0.9985422740524781,49,49,50,49
msg_735,node49,node0,227,13460,13461,,1.0,2,1.0,0.998639455782313,,49,,0.9333333333333333,0,0.998639455782313,49,49,50,49
msg_736,node49,node1,227,13460,13461,,1.0,2,1.0,0.998639455782313,,49,,1.0,0,0.998639455782313,49,49,50,49
msg_737,node49,node2,227,13460,13461,,1.0,2,1.0,0.998639455782313,,49,,1.0,0,0.998639455782313,49,49,50,49
msg_738,node49,node3,227,13460,13461,,1.0,2,1.0,0.998639455782313,,49,,1.0,0,0.998639455782313,49,49,50,49
msg_739,node49,node4,227,13460,13461,,1.0,2,1.0,0.998639455782313,,49,,1.0,0,0.998639455782313,49,49,50,49
msg_740,node49,node5,227,13460,13461,,1.0,2,1.0,0.998639455782313,,49,,1.0,0,0.998639455782313,49,49,50,49
msg_741,node49,node6,227,13460,13461,,1.0,2,1.0,0.998639455782313,,49,,1.0,0,0.998639455782313,49,49,50,49
msg_742,node49,node7,227,13460,13461,,1.0,2,1.0,0.998639455782313,,49,,1.0,0,0.998639455782313,49,49,50,49
msg_743,node49,node8,227,13460,13461,,1.0,2,1.0,0.998639455782313,,49,,1.0,0,0.998639455782313,49,49,50,49
msg_744,node49,node9,227,13460,13461,,1.0,2,1.0,0.998639455782313,,49,,1.0,0,0.998639455782313,49,49,50,49
msg_745,node49,node10,228,13460,13461,,1.0,2,1.0,0.998639455782313,,49,,1.0,0,0.998639455782313,49,49,50,49
msg_746,node49,node11,228,13460,13461,,1.0,2,1.0,0.998639455782313,,49,,1.0,0,0.998639455782313,49,49,50,49
msg_747,node49,node12,228,13460,13461,,1.0,2,1.0,0.998639455782313,,49,,1.0,0,0.998639455782313,49,49,50,49
msg_748,node49,node13,228,13460,13461,,1.0,2,1.0,0.998639455782313,,49,,1.0,0,0.998639455782313,49,49,50,49
msg_749,node49,node14,228,13460,13461,,1.0,2,1.0,0.998639455782313,,49,,1.0,0,0.998639455782313,49,49,50,49
msg_750,node49,node15,228,13460,13461,,1.0,2,1.0,0.998639455782313,,49,,1.0,0,0.998639455782313,49,49,50,49
msg_751,node49,node16,228,13460,13461,,1.0,2,1.0,0.998639455782313,,49,,1.0,0,0.998639455782313,49,49,50,49
msg_752,node49,node17,228,13460,13461,,1.0,2,1.0,0.998639455782313,,49,,1.0,0,0.998639455782313,49,49,50,49
msg_753,node49,node18,228,13460,13461,,1.0,2,1.0,0.998639455782313,,49,,1.0,0,0.998639455782313,49,49,50,49
msg_754,node49,node19,228,13460,13461,,1.0,2,1.0,0.998639455782313,,49,,1.0,0,0.998639455782313,49,49,50,49
msg_755,node49,node20,228,13460,13461,,1.0,2,1.0,0.998639455782313,,49,,1.0,0,0.998639455782313,49,49,50,49
msg_756,node49,node21,228,13460,13461,,1.0,2,1.0,0.998639455782313,,49,,1.0,0,0.998639455782313,49,49,50,49
msg_757,node49,node22,228,13460,13461,,1.0,2,1.0,0.998639455782313,,49,,1.0,0,0.998639455782313,49,49,50,49
msg_758,node49,node23,228,13460,13461,,1.0,2,1.0,0.998639455782313,,49,,1.0,0,0.998639455782313,49,49,50,49
msg_759,node49,node24,228,13460,13461,,1.0,2,1.0,0.998639455782313,,49,,1.0,0,0.998639455782313,49,49,50,49
msg_760,node49,node25,228,13460,13461,,1.0,2,1.0,0.998639455782313,,49,,1.0,0,0.998639455782313,49,49,50,49
msg_761,node49,node26,228,13460,13461,,1.0,2,1.0,0.998639455782313,,49,,1.0,0,0.998639455782313,49,49,50,49
msg_762,node49,node27,228,13460,13461,,1.0,2,1.0,0.998639455782313,,49,,1.0,0,0.998639455782313,49,49,50,49
msg_763,node49,node28,228,13460,13461,,1.0,2,1.0,0.998639455782313,,49,,1.0,0,0.998639455782313,49,49,50,49
msg_764,node49,node29,228,13460,13461,,1.0,2,1.0,0.998639455782313,,49,,1.0,0,0.998639455782313,49,49,50,49
msg_765,node49,node30,228,13460,13461,,1.0,2,1.0,0.998639455782313,,49,,1.0,0,0.998639455782313,49,49,50,49
msg_766,node49,node31,228,13460,13461,,1.0,2,1.0,0.998639455782313,,49,,1.0,0,0.998639455782313,49,49,50,49
msg_767,node49,node32,228,13460,13461,,1.0,2,1.0,0.998639455782313,,49,,1.0,0,0.998639455782313,49,49,50,49
msg_768,node49,node33,228,13460,13461,,1.0,2,1.0,0.998639455782313,,49,,1.0,0,0.998639455782313,49,49,50,49
msg_769,node49,node34,228,13460,13461,,1.0,2,1.0,0.998639455782313,,49,,1.0,0,0.998639455782313,49,49,50,49
msg_770,node49,node35,228,13460,13461,,1.0,2,1.0,0.998639455782313,,49,,1.0,0,0.998639455782313,49,49,50,49
msg_771,node49,node36,228,13460,13461,,1.0,2,1.0,0.998639455782313,,49,,1.0,0,0.998639455782313,49,49,50,49
msg_772,node49,node37,228,13460,13461,,1.0,2,1.0,0.998639455782313,,49,,1.0,0,0.998639455782313,49,49,50,49
msg_773,node49,node38,228,13460,13461,,1.0,2,1.0,0.998639455782313,,49,,1.0,0,0.998639455782313,49,49,50,49
msg_774,node49,node39,228,13460,13461,,1.0,2,1.0,0.998639455782313,,49,,1.0,0,0.998639455782313,49,49,50,49
msg_775,node49,node40,228,13460,13461,,1.0,2,1.0,0.998639455782313,,49,,1.0,0,0.998639455782313,49,49,50,49
msg_776,node49,node41,228,13460,13461,,1.0,2,1.0,0.998639455782313,,49,,1.0,0,0.998639455782313,49,49,50,49
msg_777,node49,node42,228,13460,13461,,1.0,2,1.0,0.998639455782313,,49,,1.0,0,0.998639455782313,49,49,50,49
msg_778,node49,node43,228,13460,13461,,1.0,2,1.0,0.998639455782313,,49,,1.0,0,0.998639455782313,49,49,50,49
msg_779,node49,node44,228,13460,13461,,1.0,2,1.0,0.998639455782313,,49,,1.0,0,0.998639455782313,49,49,50,49
msg_780,node49,node45,228,13460,13461,,1.0,2,1.0,0.998639455782313,,49,,1.0,0,0.998639455782313,49,49,50,49
msg_781,node49,node46,228,13460,13461,,1.0,2,1.0,0.998639455782313,,49,,1.0,0,0.998639455782313,49,49,50,49
msg_782,node49,node47,228,13460,13461,,1.0,2,1.0,0.998639455782313,,49,,1.0,0,0.998639455782313,49,49,50,49
msg_783,node49,node48,228,13460,13461,,1.0,2,1.0,0.998639455782313,,49,,1.0,0,0.998639455782313,49,49,50,49
msg_784,node49,node0,227,13720,13721,,1.0,2,1.0,0.9987244897959183,,49,,0.9375,0,0.9987244897959183,49,49,50,49
msg_785,node49,node1,227,13720,13721,,1.0,2,1.0,0.9987244897959183,,49,,1.0,0,0.9987244897959183,49,49,50,49
msg_786,node49,node2,227,13720,13721,,1.0,2,1.0,0.9987244897959183,,49,,1.0,0,0.9987244897959183,49,49,50,49
msg_787,node49,node3,227,13720,13721,,1.0,2,1.0,0.9987244897959183,,49,,1.0,0,0.9987244897959183,49,49,50,49
msg_788,node49,node4,227,13720,13721,,1.0,2,1.0,0.9987244897959183,,49,,1.0,0,0.9987244897959183,49,49,50,49
msg_789,node49,node5,227,13720,13721,,1.0,2,1.0,0.9987244897959183,,49,,1.0,0,0.9987244897959183,49,49,50,49
msg_790,node49,node6,227,13720,13721,,1.0,2,1.0,0.9987244897959183,,49,,1.0,0,0.9987244897959183,49,49,50,49
msg_791,node49,node7,227,13720,13721,,1.0,2,1.0,0.9987244897959183,,49,,1.0,0,0.9987244897959183,49,49,50,49
msg_792,node49,node8,227,13720,13721,,1.0,2,1.0,0.9987244897959183,,49,,1.0,0,0.9987244897959183,49,49,50,49
msg_793,node49,node9,227,13720,13721,,1.0,2,1.0,0.9987244897959183,,49,,1.0,0,0.9987244897959183,49,49,50,49
msg_794,node49,node10,228,13720,13721,,1.0,2,1.0,0.9987244897959183,,49,,1.0,0,0.9987244897959183,49,49,50,49
msg_795,node49,node11,228,13720,13721,,1.0,2,1.0,0.9987244897959183,,49,,1.0,0,0.9987244897959183,49,49,50,49
msg_796,node49,node12,228,13720,13721,,1.0,2,1.0,0.9987244897959183,,49,,1.0,0,0.9987244897959183,49,49,50,49
msg_797,node49,node13,228,13720,13721,,1.0,2,1.0,0.9987244897959183,,49,,1.0,0,0.9987244897959183,49,49,50,49
msg_798,node49,node14,228,13720,13721,,1.0,2,1.0,0.9987244897959183,,49,,1.0,0,0.9987244897959183,49,49,50,49
msg_799,node49,node15,228,13720,13721,,1.0,2,1.0,0.9987244897959183,,49,,1.0,0,0.9987244897959183,49,49,50,49
msg_800,node49,node16,228,13720,13721,,1.0,2,1.0,0.9987244897959183,,49,,1.0,0,0.9987244897959183,49,49,50,49
msg_801,node49,node17,228,13720,13721,,1.0,2,1.0,0.9987244897959183,,49,,1.0,0,0.9987244897959183,49,49,50,49
msg_802,node49,node18,228,13720,13721,,1.0,2,1.0,0.9987244897959183,,49,,1.0,0,0.9987244897959183,49,49,50,49
msg_803,node49,node19,228,13720,13721,,1.0,2,1.0,0.9987244897959183,,49,,1.0,0,0.9987244897959183,49,49,50,49
msg_804,node49,node20,228,13720,13721,,1.0,2,1.0,0.9987244897959183,,49,,1.0,0,0.9987244897959183,49,49,50,49
msg_805,node49,node21,228,13720,13721,,1.0,2,1.0,0.9987244897959183,,49,,1.0,0,0.9987244897959183,49,49,50,49
msg_806,node49,node22,228,13720,13721,,1.0,2,1.0,0.9987244897959183,,49,,1.0,0,0.9987244897959183,49,49,50,49
msg_807,node49,node23,228,13720,13721,,1.0,2,1.0,0.9987244897959183,,49,,1.0,0,0.9987244897959183,49,49,50,49
msg_808,node49,node24,228,13720,13721,,1.0,2,1.0,0.9987244897959183,,49,,1.0,0,0.9987244897959183,49,49,50,49
msg_809,node49,node25,228,13720,13721,,1.0,2,1.0,0.9987244897959183,,49,,1.0,0,0.9987244897959183,49,49,50,49
msg_810,node49,node26,228,13720,13721,,1.0,2,1.0,0.9987244897959183,,49,,1.0,0,0.9987244897959183,49,49,50,49
msg_811,node49,node27,228,13720,13721,,1.0,2,1.0,0.9987244897959183,,49,,1.0,0,0.9987244897959183,49,49,50,49
msg_812,node49,node28,228,13720,13721,,1.0,2,1.0,0.9987244897959183,,49,,1.0,0,0.9987244897959183,49,49,50,49
msg_813,node49,node29,228,13720,13721,,1.0,2,1.0,0.9987244897959183,,49,,1.0,0,0.9987244897959183,49,49,50,49
msg_814,node49,node30,228,13720,13721,,1.0,2,1.0,0.9987244897959183,,49,,1.0,0,0.9987244897959183,49,49,50,49
msg_815,node49,node31,228,13720,13721,,1.0,2,1.0,0.9987244897959183,,49,,1.0,0,0.9987244897959183,49,49,50,49
msg_816,node49,node32,228,13720,13721,,1.0,2,1.0,0.9987244897959183,,49,,1.0,0,0.9987244897959183,49,49,50,49
msg_817,node49,node33,228,13720,13721,,1.0,2,1.0,0.9987244897959183,,49,,1.0,0,0.9987244897959183,49,49,50,49
msg_818,node49,node34,228,13720,13721,,1.0,2,1.0,0.9987244897959183,,49,,1.0,0,0.9987244897959183,49,49,50,49
msg_819,node49,node35,228,13720,13721,,1.0,2,1.0,0.9987244897959183,,49,,1.0,0,0.9987244897959183,49,49,50,49
msg_820,node49,node36,228,13720,13721,,1.0,2,1.0,0.9987244897959183,,49,,1.0,0,0.9987244897959183,49,49,50,49
msg_821,node49,node37,228,13720,13721,,1.0,2,1.0,0.9987244897959183,,49,,1.0,0,0.9987244897959183,49,49,50,49
msg_822,node49,node38,228,13720,13721,,1.0,2,1.0,0.9987244897959183,,49,,1.0,0,0.9987244897959183,49,49,50,49
msg_823,node49,node39,228,13720,13721,,1.0,2,1.0,0.9987244897959183,,49,,1.0,0,0.9987244897959183,49,49,50,49
msg_824,node49,node40,228,13720,13721,,1.0,2,1.0,0.9987244897959183,,49,,1.0,0,0.9987244897959183,49,49,50,49
msg_825,node49,node41,228,13720,13721,,1.0,2,1.0,0.9987244897959183,,49,,1.0,0,0.9987244897959183,49,49,50,49
msg_826,node49,node42,228,13720,13721,,1.0,2,1.0,0.9987244897959183,,49,,1.0,0,0.9987244897959183,49,49,50,49
msg_827,node49,node43,228,13720,13721,,1.0,2,1.0,0.9987244897959183,,49,,1.0,0,0.9987244897959183,49,49,50,49
msg_828,node49,node44,228,13720,13721,,1.0,2,1.0,0.9987244897959183,,49,,1.0,0,0.9987244897959183,49,49,50,49
msg_829,node49,node45,228,13720,13721,,1.0,2,1.0,0.9987244897959183,,49,,1.0,0,0.9987244897959183,49,49,50,49
msg_830,node49,node46,228,13720,13721,,1.0,2,1.0,0.9987244897959183,,49,,1.0,0,0.9987244897959183,49,49,50,49
msg_831,node49,node47,228,13720,13721,,1.0,2,1.0,0.9987244897959183,,49,,1.0,0,0.9987244897959183,49,49,50,49
msg_832,node49,node48,228,13720,13721,,1.0,2,1.0,0.9987244897959183,,49,,1.0,0,0.9987244897959183,49,49,50,49
msg_833,node49,node0,227,16625,16626,,1.0,2,1.0,0.9987995198079231,,49,,0.9411764705882353,0,0.9987995198079231,49,49,50,49
msg_834,node49,node1,227,16625,16626,,1.0,2,1.0,0.9987995198079231,,49,,1.0,0,0.9987995198079231,49,49,50,49
msg_835,node49,node2,227,16625,16626,,1.0,2,1.0,0.9987995198079231,,49,,1.0,0,0.9987995198079231,49,49,50,49
msg_836,node49,node3,227,16625,16626,,1.0,2,1.0,0.9987995198079231,,49,,1.0,0,0.9987995198079231,49,49,50,49
msg_837,node49,node4,227,16625,16626,,1.0,2,1.0,0.9987995198079231,,49,,1.0,0,0.9987995198079231,49,49,50,49
msg_838,node49,node5,227,16625,16626,,1.0,2,1.0,0.9987995198079231,,49,,1.0,0,0.9987995198079231,49,49,50,49
msg_839,node49,node6,227,16625,16626,,1.0,2,1.0,0.9987995198079231,,49,,1.0,0,0.9987995198079231,49,49,50,49
msg_840,node49,node7,227,16625,16626,,1.0,2,1.0,0.9987995198079231,,49,,1.0,0,0.9987995198079231,49,49,50,49
msg_841,node49,node8,227,16625,16626,,1.0,2,1.0,0.9987995198079231,,49,,1.0,0,0.9987995198079231,49,49,50,49
msg_842,node49,node9,227,16625,16626,,1.0,2,1.0,0.9987995198079231,,49,,1.0,0,0.9987995198079231,49,49,50,49
msg_843,node49,node10,228,16625,16626,,1.0,2,1.0,0.9987995198079231,,49,,1.0,0,0.9987995198079231,49,49,50,49
msg_844,node49,node11,228,16625,16626,,1.0,2,1.0,0.9987995198079231,,49,,1.0,0,0.9987995198079231,49,49,50,49
msg_845,node49,node12,228,16625,16626,,1.0,2,1.0,0.9987995198079231,,49,,1.0,0,0.9987995198079231,49,49,50,49
msg_846,node49,node13,228,16625,16626,,1.0,2,1.0,0.9987995198079231,,49,,1.0,0,0.9987995198079231,49,49,50,49
msg_847,node49,node14,228,16625,16626,,1.0,2,1.0,0.9987995198079231,,49,,1.0,0,0.9987995198079231,49,49,50,49
msg_848,node49,node15,228,16625,16626,,1.0,2,1.0,0.9987995198079231,,49,,1.0,0,0.9987995198079231,49,49,50,49
msg_849,node49,node16,228,16625,16626,,1.0,2,1.0,0.9987995198079231,,49,,1.0,0,0.9987995198079231,49,49,50,49
msg_850,node49,node17,228,16625,16626,,1.0,2,1.0,0.9987995198079231,,49,,1.0,0,0.9987995198079231,49,49,50,49
msg_851,node49,node18,228,16625,16626,,1.0,2,1.0,0.9987995198079231,,49,,1.0,0,0.9987995198079231,49,49,50,49
msg_852,node49,node19,228,16625,16626,,1.0,2,1.0,0.9987995198079231,,49,,1.0,0,0.9987995198079231,49,49,50,49
msg_853,node49,node20,228,16625,16626,,1.0,2,1.0,0.9987995198079231,,49,,1.0,0,0.9987995198079231,49,49,50,49
msg_854,node49,node21,228,16625,16626,,1.0,2,1.0,0.9987995198079231,,49,,1.0,0,0.9987995198079231,49,49,50,49
msg_855,node49,node22,228,16625,16626,,1.0,2,1.0,0.9987995198079231,,49,,1.0,0,0.9987995198079231,49,49,50,49
msg_856,node49,node23,228,16625,16626,,1.0,2,1.0,0.9987995198079231,,49,,1.0,0,0.9987995198079231,49,49,50,49
msg_857,node49,node24,228,16625,16626,,1.0,2,1.0,0.9987995198079231,,49,,1.0,0,0.9987995198079231,49,49,50,49
msg_858,node49,node25,228,16625,16626,,1.0,2,1.0,0.9987995198079231,,49,,1.0,0,0.9987995198079231,49,49,50,49
msg_859,node49,node26,228,16625,16626,,1.0,2,1.0,0.9987995198079231,,49,,1.0,0,0.9987995198079231,49,49,50,49
msg_860,node49,node27,228,16625,16626,,1.0,2,1.0,0.9987995198079231,,49,,1.0,0,0.9987995198079231,49,49,50,49
msg_861,node49,node28,228,16625,16626,,1.0,2,1.0,0.9987995198079231,,49,,1.0,0,0.9987995198079231,49,49,50,49
msg_862,node49,node29,228,16625,16626,,1.0,2,1.0,0.9987995198079231,,49,,1.0,0,0.9987995198079231,49,49,50,49
msg_863,node49,node30,228,16625,16626,,1.0,2,1.0,0.9987995198079231,,49,,1.0,0,0.9987995198079231,49,49,50,49
msg_864,node49,node31,228,16625,16626,,1.0,2,1.0,0.9987995198079231,,49,,1.0,0,0.9987995198079231,49,49,50,49
msg_865,node49,node32,228,16625,16626,,1.0,2,1.0,0.9987995198079231,,49,,1.0,0,0.9987995198079231,49,49,50,49
msg_866,node49,node33,228,16625,16626,,1.0,2,1.0,0.9987995198079231,,49,,1.0,0,0.9987995198079231,49,49,50,49
msg_867,node49,node34,228,16625,16626,,1.0,2,1.0,0.9987995198079231,,49,,1.0,0,0.9987995198079231,49,49,50,49
msg_868,node49,node35,228,16625,16626,,1.0,2,1.0,0.9987995198079231,,49,,1.0,0,0.9987995198079231,49,49,50,49
msg_869,node49,node36,228,16625,16626,,1.0,2,1.0,0.9987995198079231,,49,,1.0,0,0.9987995198079231,49,49,50,49
msg_870,node49,node37,228,16625,16626,,1.0,2,1.0,0.9987995198079231,,49,,1.0,0,0.9987995198079231,49,49,50,49
msg_871,node49,node38,228,16625,16626,,1.0,2,1.0,0.9987995198079231,,49,,1.0,0,0.9987995198079231,49,49,50,49
msg_872,node49,node39,228,16625,16626,,1.0,2,1.0,0.9987995198079231,,49,,1.0,0,0.9987995198079231,49,49,50,49
msg_873,node49,node40,228,16625,16626,,1.0,2,1.0,0.9987995198079231,,49,,1.0,0,0.9987995198079231,49,49,50,49
msg_874,node49,node41,228,16625,16626,,1.0,2,1.0,0.9987995198079231,,49,,1.0,0,0.9987995198079231,49,49,50,49
msg_875,node49,node42,228,16625,16626,,1.0,2,1.0,0.9987995198079231,,49,,1.0,0,0.9987995198079231,49,49,50,49
msg_876,node49,node43,228,16625,16626,,1.0,2,1.0,0.9987995198079231,,49,,1.0,0,0.9987995198079231,49,49,50,49
msg_877,node49,node44,228,16625,16626,,1.0,2,1.0,0.9987995198079231,,49,,1.0,0,0.9987995198079231,49,49,50,49
msg_878,node49,node45,228,16625,16626,,1.0,2,1.0,0.9987995198079231,,49,,1.0,0,0.9987995198079231,49,49,50,49
msg_879,node49,node46,228,16625,16626,,1.0,2,1.0,0.9987995198079231,,49,,1.0,0,0.9987995198079231,49,49,50,49
msg_880,node49,node47,228,16625,16626,,1.0,2,1.0,0.9987995198079231,,49,,1.0,0,0.9987995198079231,49,49,50,49
msg_881,node49,node48,228,16625,16626,,1.0,2,1.0,0.9987995198079231,,49,,1.0,0,0.9987995198079231,49,49,50,49
msg_882,node49,node0,227,18942,18943,,1.0,2,1.0,0.9988662131519275,,49,,0.9444444444444444,0,0.9988662131519275,49,49,50,49
msg_883,node49,node1,227,18942,18943,,1.0,2,1.0,0.9988662131519275,,49,,1.0,0,0.9988662131519275,49,49,50,49
msg_884,node49,node2,227,18942,18943,,1.0,2,1.0,0.9988662131519275,,49,,1.0,0,0.9988662131519275,49,49,50,49
msg_885,node49,node3,227,18942,18943,,1.0,2,1.0,0.9988662131519275,,49,,1.0,0,0.9988662131519275,49,49,50,49
msg_886,node49,node4,227,18942,18943,,1.0,2,1.0,0.9988662131519275,,49,,1.0,0,0.9988662131519275,49,49,50,49
msg_887,node49,node5,227,18942,18943,,1.0,2,1.0,0.9988662131519275,,49,,1.0,0,0.9988662131519275,49,49,50,49
msg_888,node49,node6,227,18942,18943,,1.0,2,1.0,0.9988662131519275,,49,,1.0,0,0.9988662131519275,49,49,50,49
msg_889,node49,node7,227,18942,18943,,1.0,2,1.0,0.9988662131519275,,49,,1.0,0,0.9988662131519275,49,49,50,49
msg_890,node49,node8,227,18942,18943,,1.0,2,1.0,0.9988662131519275,,49,,1.0,0,0.9988662131519275,49,49,50,49
msg_891,node49,node9,227,18942,18943,,1.0,2,1.0,0.9988662131519275,,49,,1.0,0,0.9988662131519275,49,49,50,49
msg_892,node49,node10,228,18942,18943,,1.0,2,1.0,0.9988662131519275,,49,,1.0,0,0.9988662131519275,49,49,50,49
msg_893,node49,node11,228,18942,18943,,1.0,2,1.0,0.9988662131519275,,49,,1.0,0,0.9988662131519275,49,49,50,49
msg_894,node49,node12,228,18942,18943,,1.0,2,1.0,0.9988662131519275,,49,,1.0,0,0.9988662131519275,49,49,50,49
msg_895,node49,node13,228,18942,18943,,1.0,2,1.0,0.9988662131519275,,49,,1.0,0,0.9988662131519275,49,49,50,49
msg_896,node49,node14,228,18942,18943,,1.0,2,1.0,0.9988662131519275,,49,,1.0,0,0.9988662131519275,49,49,50,49
msg_897,node49,node15,228,18942,18943,,1.0,2,1.0,0.9988662131519275,,49,,1.0,0,0.9988662131519275,49,49,50,49
msg_898,node49,node16,228,18942,18943,,1.0,2,1.0,0.9988662131519275,,49,,1.0,0,0.9988662131519275,49,49,50,49
msg_899,node49,node17,228,18942,18943,,1.0,2,1.0,0.9988662131519275,,49,,1.0,0,0.9988662131519275,49,49,50,49
msg_900,node49,node18,228,18942,18943,,1.0,2,1.0,0.9988662131519275,,49,,1.0,0,0.9988662131519275,49,49,50,49
msg_901,node49,node19,228,18942,18943,,1.0,2,1.0,0.9988662131519275,,49,,1.0,0,0.9988662131519275,49,49,50,49
msg_902,node49,node20,228,18942,18943,,1.0,2,1.0,0.9988662131519275,,49,,1.0,0,0.9988662131519275,49,49,50,49
msg_903,node49,node21,228,18942,18943,,1.0,2,1.0,0.9988662131519275,,49,,1.0,0,0.9988662131519275,49,49,50,49
msg_904,node49,node22,228,18942,18943,,1.0,2,1.0,0.9988662131519275,,49,,1.0,0,0.9988662131519275,49,49,50,49
msg_905,node49,node23,228,18942,18943,,1.0,2,1.0,0.9988662131519275,,49,,1.0,0,0.9988662131519275,49,49,50,49
msg_906,node49,node24,228,18942,18943,,1.0,2,1.0,0.9988662131519275,,49,,1.0,0,0.9988662131519275,49,49,50,49
msg_907,node49,node25,228,18942,18943,,1.0,2,1.0,0.9988662131519275,,49,,1.0,0,0.9988662131519275,49,49,50,49
msg_908,node49,node26,228,18942,18943,,1.0,2,1.0,0.9988662131519275,,49,,1.0,0,0.9988662131519275,49,49,50,49
msg_909,node49,node27,228,18942,18943,,1.0,2,1.0,0.9988662131519275,,49,,1.0,0,0.9988662131519275,49,49,50,49
msg_910,node49,node28,228,18942,18943,,1.0,2,1.0,0.9988662131519275,,49,,1.0,0,0.9988662131519275,49,49,50,49
msg_911,node49,node29,228,18942,18943,,1.0,2,1.0,0.9988662131519275,,49,,1.0,0,0.9988662131519275,49,49,50,49
msg_912,node49,node30,228,18942,18943,,1.0,2,1.0,0.9988662131519275,,49,,1.0,0,0.9988662131519275,49,49,50,49
msg_913,node49,node31,228,18942,18943,,1.0,2,1.0,0.9988662131519275,,49,,1.0,0,0.9988662131519275,49,49,50,49
msg_914,node49,node32,228,18942,18943,,1.0,2,1.0,0.9988662131519275,,49,,1.0,0,0.9988662131519275,49,49,50,49
msg_915,node49,node33,228,18942,18943,,1.0,2,1.0,0.9988662131519275,,49,,1.0,0,0.9988662131519275,49,49,50,49
msg_916,node49,node34,228,18942,18943,,1.0,2,1.0,0.9988662131519275,,49,,1.0,0,0.9988662131519275,49,49,50,49
msg_917,node49,node35,228,18942,18943,,1.0,2,1.0,0.9988662131519275,,49,,1.0,0,0.9988662131519275,49,49,50,49
msg_918,node49,node36,228,18942,18943,,1.0,2,1.0,0.9988662131519275,,49,,1.0,0,0.9988662131519275,49,49,50,49
msg_919,node49,node37,228,18942,18943,,1.0,2,1.0,0.9988662131519275,,49,,1.0,0,0.9988662131519275,49,49,50,49
msg_920,node49,node38,228,18942,18943,,1.0,2,1.0,0.9988662131519275,,49,,1.0,0,0.9988662131519275,49,49,50,49
msg_921,node49,node39,228,18942,18943,,1.0,2,1.0,0.9988662131519275,,49,,1.0,0,0.9988662131519275,49,49,50,49
msg_922,node49,node40,228,18942,18943,,1.0,2,1.0,0.9988662131519275,,49,,1.0,0,0.9988662131519275,49,49,50,49
msg_923,node49,node41,228,18942,18943,,1.0,2,1.0,0.9988662131519275,,49,,1.0,0,0.9988662131519275,49,49,50,49
msg_924,node49,node42,228,18942,18943,,1.0,2,1.0,0.9988662131519275,,49,,1.0,0,0.9988662131519275,49,49,50,49
msg_925,node49,node43,228,18942,18943,,1.0,2,1.0,0.9988662131519275,,49,,1.0,0,0.9988662131519275,49,49,50,49
msg_926,node49,node44,228,18942,18943,,1.0,2,1.0,0.9988662131519275,,49,,1.0,0,0.9988662131519275,49,49,50,49
msg_927,node49,node45,228,18942,18943,,1.0,2,1.0,0.9988662131519275,,49,,1.0,0,0.9988662131519275,49,49,50,49
msg_928,node49,node46,228,18942,18943,,1.0,2,1.0,0.9988662131519275,,49,,1.0,0,0.9988662131519275,49,49,50,49
msg_929,node49,node47,228,18942,18943,,1.0,2,1.0,0.9988662131519275,,49,,1.0,0,0.9988662131519275,49,49,50,49
msg_930,node49,node48,228,18942,18943,,1.0,2,1.0,0.9988662131519275,,49,,1.0,0,0.9988662131519275,49,49,50,49
msg_931,node49,node0,227,18973,18974,,1.0,2,1.0,0.9989258861439313,,49,,0.9473684210526315,0,0.9989258861439313,49,49,50,49
msg_932,node49,node1,227,18973,18974,,1.0,2,1.0,0.9989258861439313,,49,,1.0,0,0.9989258861439313,49,49,50,49
msg_933,node49,node2,227,18973,18974,,1.0,2,1.0,0.9989258861439313,,49,,1.0,0,0.9989258861439313,49,49,50,49
msg_934,node49,node3,227,18973,18974,,1.0,2,1.0,0.9989258861439313,,49,,1.0,0,0.9989258861439313,49,49,50,49
msg_935,node49,node4,227,18973,18974,,1.0,2,1.0,0.9989258861439313,,49,,1.0,0,0.9989258861439313,49,49,50,49
msg_936,node49,node5,227,18973,18974,,1.0,2,1.0,0.9989258861439313,,49,,1.0,0,0.9989258861439313,49,49,50,49
msg_937,node49,node6,227,18973,18974,,1.0,2,1.0,0.9989258861439313,,49,,1.0,0,0.9989258861439313,49,49,50,49
msg_938,node49,node7,227,18973,18974,,1.0,2,1.0,0.9989258861439313,,49,,1.0,0,0.9989258861439313,49,49,50,49
msg_939,node49,node8,227,18973,18974,,1.0,2,1.0,0.9989258861439313,,49,,1.0,0,0.9989258861439313,49,49,50,49
msg_940,node49,node9,227,18973,18974,,1.0,2,1.0,0.9989258861439313,,49,,1.0,0,0.9989258861439313,49,49,50,49
msg_941,node49,node10,228,18973,18974,,1.0,2,1.0,0.9989258861439313,,49,,1.0,0,0.9989258861439313,49,49,50,49
msg_942,node49,node11,228,18973,18974,,1.0,2,1.0,0.9989258861439313,,49,,1.0,0,0.9989258861439313,49,49,50,49
msg_943,node49,node12,228,18973,18974,,1.0,2,1.0,0.9989258861439313,,49,,1.0,0,0.9989258861439313,49,49,50,49
msg_944,node49,node13,228,18973,18974,,1.0,2,1.0,0.9989258861439313,,49,,1.0,0,0.9989258861439313,49,49,50,49
msg_945,node49,node14,228,18973,18974,,1.0,2,1.0,0.9989258861439313,,49,,1.0,0,0.9989258861439313,49,49,50,49
msg_946,node49,node15,228,18973,18974,,1.0,2,1.0,0.9989258861439313,,49,,1.0,0,0.9989258861439313,49,49,50,49
msg_947,node49,node16,228,18973,18974,,1.0,2,1.0,0.9989258861439313,,49,,1.0,0,0.9989258861439313,49,49,50,49
msg_948,node49,node17,228,18973,18974,,1.0,2,1.0,0.9989258861439313,,49,,1.0,0,0.9989258861439313,49,49,50,49
msg_949,node49,node18,228,18973,18974,,1.0,2,1.0,0.9989258861439313,,49,,1.0,0,0.9989258861439313,49,49,50,49
msg_950,node49,node19,228,18973,18974,,1.0,2,1.0,0.9989258861439313,,49,,1.0,0,0.9989258861439313,49,49,50,49
msg_951,node49,node20,228,18973,18974,,1.0,2,1.0,0.9989258861439313,,49,,1.0,0,0.9989258861439313,49,49,50,49
msg_952,node49,node21,228,18973,18974,,1.0,2,1.0,0.9989258861439313,,49,,1.0,0,0.9989258861439313,49,49,50,49
msg_953,node49,node22,228,18973,18974,,1.0,2,1.0,0.9989258861439313,,49,,1.0,0,0.9989258861439313,49,49,50,49
msg_954,node49,node23,228,18973,18974,,1.0,2,1.0,0.9989258861439313,,49,,1.0,0,0.9989258861439313,49,49,50,49
msg_955,node49,node24,228,18973,18974,,1.0,2,1.0,0.9989258861439313,,49,,1.0,0,0.9989258861439313,49,49,50,49
msg_956,node49,node25,228,18973,18974,,1.0,2,1.0,0.9989258861439313,,49,,1.0,0,0.9989258861439313,49,49,50,49
msg_957,node49,node26,228,18973,18974,,1.0,2,1.0,0.9989258861439313,,49,,1.0,0,0.9989258861439313,49,49,50,49
msg_958,node49,node27,228,18973,18974,,1.0,2,1.0,0.9989258861439313,,49,,1.0,0,0.9989258861439313,49,49,50,49
msg_959,node49,node28,228,18973,18974,,1.0,2,1.0,0.9989258861439313,,49,,1.0,0,0.9989258861439313,49,49,50,49
msg_960,node49,node29,228,18973,18974,,1.0,2,1.0,0.9989258861439313,,49,,1.0,0,0.9989258861439313,49,49,50,49
msg_961,node49,node30,228,18973,18974,,1.0,2,1.0,0.9989258861439313,,49,,1.0,0,0.9989258861439313,49,49,50,49
msg_962,node49,node31,228,18973,18974,,1.0,2,1.0,0.9989258861439313,,49,,1.0,0,0.9989258861439313,49,49,50,49
msg_963,node49,node32,228,18973,18974,,1.0,2,1.0,0.9989258861439313,,49,,1.0,0,0.9989258861439313,49,49,50,49
msg_964,node49,node33,228,18973,18974,,1.0,2,1.0,0.9989258861439313,,49,,1.0,0,0.9989258861439313,49,49,50,49
msg_965,node49,node34,228,18973,18974,,1.0,2,1.0,0.9989258861439313,,49,,1.0,0,0.9989258861439313,49,49,50,49
msg_966,node49,node35,228,18973,18974,,1.0,2,1.0,0.9989258861439313,,49,,1.0,0,0.9989258861439313,49,49,50,49
msg_967,node49,node36,228,18973,18974,,1.0,2,1.0,0.9989258861439313,,49,,1.0,0,0.9989258861439313,49,49,50,49
msg_968,node49,node37,228,18973,18974,,1.0,2,1.0,0.9989258861439313,,49,,1.0,0,0.9989258861439313,49,49,50,49
msg_969,node49,node38,228,18973,18974,,1.0,2,1.0,0.9989258861439313,,49,,1.0,0,0.9989258861439313,49,49,50,49
msg_970,node49,node39,228,18973,18974,,1.0,2,1.0,0.9989258861439313,,49,,1.0,0,0.9989258861439313,49,49,50,49
msg_971,node49,node40,228,18973,18974,,1.0,2,1.0,0.9989258861439313,,49,,1.0,0,0.9989258861439313,49,49,50,49
msg_972,node49,node41,228,18973,18974,,1.0,2,1.0,0.9989258861439313,,49,,1.0,0,0.9989258861439313,49,49,50,49
msg_973,node49,node42,228,18973,18974,,1.0,2,1.0,0.9989258861439313,,49,,1.0,0,0.9989258861439313,49,49,50,49
msg_974,node49,node43,228,18973,18974,,1.0,2,1.0,0.9989258861439313,,49,,1.0,0,0.9989258861439313,49,49,50,49
msg_975,node49,node44,228,18973,18974,,1.0,2,1.0,0.9989258861439313,,49,,1.0,0,0.9989258861439313,49,49,50,49
msg_976,node49,node45,228,18973,18974,,1.0,2,1.0,0.9989258861439313,,49,,1.0,0,0.9989258861439313,49,49,50,49
msg_977,node49,node46,228,18973,18974,,1.0,2,1.0,0.9989258861439313,,49,,1.0,0,0.9989258861439313,49,49,50,49
msg_978,node49,node47,228,18973,18974,,1.0,2,1.0,0.9989258861439313,,49,,1.0,0,0.9989258861439313,49,49,50,49
msg_979,node49,node48,228,18973,18974,,1.0,2,1.0,0.9989258861439313,,49,,1.0,0,0.9989258861439313,49,49,50,49
msg_980,node49,node0,227,18999,19000,,1.0,2,1.0,0.9989795918367347,,49,,0.95,0,0.9989795918367347,49,49,50,49
msg_981,node49,node1,227,18999,19000,,1.0,2,1.0,0.9989795918367347,,49,,1.0,0,0.9989795918367347,49,49,50,49
msg_982,node49,node2,227,18999,19000,,1.0,2,1.0,0.9989795918367347,,49,,1.0,0,0.9989795918367347,49,49,50,49
msg_983,node49,node3,227,18999,19000,,1.0,2,1.0,0.9989795918367347,,49,,1.0,0,0.9989795918367347,49,49,50,49
msg_984,node49,node4,227,18999,19000,,1.0,2,1.0,0.9989795918367347,,49,,1.0,0,0.9989795918367347,49,49,50,49
msg_985,node49,node5,227,18999,19000,,1.0,2,1.0,0.9989795918367347,,49,,1.0,0,0.9989795918367347,49,49,50,49
msg_986,node49,node6,227,18999,19000,,1.0,2,1.0,0.9989795918367347,,49,,1.0,0,0.9989795918367347,49,49,50,49
msg_987,node49,node7,227,18999,19000,,1.0,2,1.0,0.9989795918367347,,49,,1.0,0,0.9989795918367347,49,49,50,49
msg_988,node49,node8,227,18999,19000,,1.0,2,1.0,0.9989795918367347,,49,,1.0,0,0.9989795918367347,49,49,50,49
msg_989,node49,node9,227,18999,19000,,1.0,2,1.0,0.9989795918367347,,49,,1.0,0,0.9989795918367347,49,49,50,49
msg_990,node49,node10,228,18999,19000,,1.0,2,1.0,0.9989795918367347,,49,,1.0,0,0.9989795918367347,49,49,50,49
msg_991,node49,node11,228,18999,19000,,1.0,2,1.0,0.9989795918367347,,49,,1.0,0,0.9989795918367347,49,49,50,49
msg_992,node49,node12,228,18999,19000,,1.0,2,1.0,0.9989795918367347,,49,,1.0,0,0.9989795918367347,49,49,50,49
msg_993,node49,node13,228,18999,19000,,1.0,2,1.0,0.9989795918367347,,49,,1.0,0,0.9989795918367347,49,49,50,49
msg_994,node49,node14,228,18999,19000,,1.0,2,1.0,0.9989795918367347,,49,,1.0,0,0.9989795918367347,49,49,50,49
msg_995,node49,node15,228,18999,19000,,1.0,2,1.0,0.9989795918367347,,49,,1.0,0,0.9989795918367347,49,49,50,49
msg_996,node49,node16,228,18999,19000,,1.0,2,1.0,0.9989795918367347,,49,,1.0,0,0.9989795918367347,49,49,50,49
msg_997,node49,node17,228,18999,19000,,1.0,2,1.0,0.9989795918367347,,49,,1.0,0,0.9989795918367347,49,49,50,49
msg_998,node49,node18,228,18999,19000,,1.0,2,1.0,0.9989795918367347,,49,,1.0,0,0.9989795918367347,49,49,50,49
msg_999,node49,node19,228,18999,19000,,1.0,2,1.0,0.9989795918367347,,49,,1.0,0,0.9989795918367347,49,49,50,49
msg_1000,node49,node20,229,18999,19000,,1.0,2,1.0,0.9989795918367347,,49,,1.0,0,0.9989795918367347,49,49,50,49
msg_1001,node49,node21,229,18999,19000,,1.0,2,1.0,0.9989795918367347,,49,,1.0,0,0.9989795918367347,49,49,50,49
msg_1002,node49,node22,229,18999,19000,,1.0,2,1.0,0.9989795918367347,,49,,1.0,0,0.9989795918367347,49,49,50,49
msg_1003,node49,node23,229,18999,19000,,1.0,2,1.0,0.9989795918367347,,49,,1.0,0,0.9989795918367347,49,49,50,49
msg_1004,node49,node24,229,18999,19000,,1.0,2,1.0,0.9989795918367347,,49,,1.0,0,0.9989795918367347,49,49,50,49
msg_1005,node49,node25,229,18999,19000,,1.0,2,1.0,0.9989795918367347,,49,,1.0,0,0.9989795918367347,49,49,50,49
msg_1006,node49,node26,229,18999,19000,,1.0,2,1.0,0.9989795918367347,,49,,1.0,0,0.9989795918367347,49,49,50,49
msg_1007,node49,node27,229,18999,19000,,1.0,2,1.0,0.9989795918367347,,49,,1.0,0,0.9989795918367347,49,49,50,49
msg_1008,node49,node28,229,18999,19000,,1.0,2,1.0,0.9989795918367347,,49,,1.0,0,0.9989795918367347,49,49,50,49
msg_1009,node49,node29,229,18999,19000,,1.0,2,1.0,0.9989795918367347,,49,,1.0,0,0.9989795918367347,49,49,50,49
msg_1010,node49,node30,229,18999,19000,,1.0,2,1.0,0.9989795918367347,,49,,1.0,0,0.9989795918367347,49,49,50,49
msg_1011,node49,node31,229,18999,19000,,1.0,2,1.0,0.9989795918367347,,49,,1.0,0,0.9989795918367347,49,49,50,49
msg_1012,node49,node32,229,18999,19000,,1.0,2,1.0,0.9989795918367347,,49,,1.0,0,0.9989795918367347,49,49,50,49
msg_1013,node49,node33,229,18999,19000,,1.0,2,1.0,0.9989795918367347,,49,,1.0,0,0.9989795918367347,49,49,50,49
msg_1014,node49,node34,229,18999,19000,,1.0,2,1.0,0.9989795918367347,,49,,1.0,0,0.9989795918367347,49,49,50,49
msg_1015,node49,node35,229,18999,19000,,1.0,2,1.0,0.9989795918367347,,49,,1.0,0,0.9989795918367347,49,49,50,49
msg_1016,node49,node36,229,18999,19000,,1.0,2,1.0,0.9989795918367347,,49,,1.0,0,0.9989795918367347,49,49,50,49
msg_1017,node49,node37,229,18999,19000,,1.0,2,1.0,0.9989795918367347,,49,,1.0,0,0.9989795918367347,49,49,50,49
msg_1018,node49,node38,229,18999,19000,,1.0,2,1.0,0.9989795918367347,,49,,1.0,0,0.9989795918367347,49,49,50,49
msg_1019,node49,node39,229,18999,19000,,1.0,2,1.0,0.9989795918367347,,49,,1.0,0,0.9989795918367347,49,49,50,49
msg_1020,node49,node40,229,18999,19000,,1.0,2,1.0,0.9989795918367347,,49,,1.0,0,0.9989795918367347,49,49,50,49
msg_1021,node49,node41,229,18999,19000,,1.0,2,1.0,0.9989795918367347,,49,,1.0,0,0.9989795918367347,49,49,50,49
msg_1022,node49,node42,229,18999,19000,,1.0,2,1.0,0.9989795918367347,,49,,1.0,0,0.9989795918367347,49,49,50,49
msg_1023,node49,node43,229,18999,19000,,1.0,2,1.0,0.9989795918367347,,49,,1.0,0,0.9989795918367347,49,49,50,49
msg_1024,node49,node44,229,18999,19000,,1.0,2,1.0,0.9989795918367347,,49,,1.0,0,0.9989795918367347,49,49,50,49
msg_1025,node49,node45,229,18999,19000,,1.0,2,1.0,0.9989795918367347,,49,,1.0,0,0.9989795918367347,49,49,50,49
msg_1026,node49,node46,229,18999,19000,,1.0,2,1.0,0.9989795918367347,,49,,1.0,0,0.9989795918367347,49,49,50,49
msg_1027,node49,node47,229,18999,19000,,1.0,2,1.0,0.9989795918367347,,49,,1.0,0,0.9989795918367347,49,49,50,49
msg_1028,node49,node48,229,18999,19000,,1.0,2,1.0,0.9989795918367347,,49,,1.0,0,0.9989795918367347,49,49,50,49
msg_1029,node49,node0,228,19777,19778,,1.0,2,1.0,0.9990281827016521,,49,,0.9523809523809523,0,0.9990281827016521,49,49,50,49
msg_1030,node49,node1,228,19777,19778,,1.0,2,1.0,0.9990281827016521,,49,,1.0,0,0.9990281827016521,49,49,50,49
msg_1031,node49,node2,228,19777,19778,,1.0,2,1.0,0.9990281827016521,,49,,1.0,0,0.9990281827016521,49,49,50,49
msg_1032,node49,node3,228,19777,19778,,1.0,2,1.0,0.9990281827016521,,49,,1.0,0,0.9990281827016521,49,49,50,49
msg_1033,node49,node4,228,19777,19778,,1.0,2,1.0,0.9990281827016521,,49,,1.0,0,0.9990281827016521,49,49,50,49
msg_1034,node49,node5,228,19777,19778,,1.0,2,1.0,0.9990281827016521,,49,,1.0,0,0.9990281827016521,49,49,50,49
msg_1035,node49,node6,228,19777,19778,,1.0,2,1.0,0.9990281827016521,,49,,1.0,0,0.9990281827016521,49,49,50,49
msg_1036,node49,node7,228,19777,19778,,1.0,2,1.0,0.9990281827016521,,49,,1.0,0,0.9990281827016521,49,49,50,49
msg_1037,node49,node8,228,19777,19778,,1.0,2,1.0,0.9990281827016521,,49,,1.0,0,0.9990281827016521,49,49,50,49
msg_1038,node49,node9,228,19777,19778,,1.0,2,1.0,0.9990281827016521,,49,,1.0,0,0.9990281827016521,49,49,50,49
msg_1039,node49,node10,229,19777,19778,,1.0,2,1.0,0.9990281827016521,,49,,1.0,0,0.9990281827016521,49,49,50,49
msg_1040,node49,node11,229,19777,19778,,1.0,2,1.0,0.9990281827016521,,49,,1.0,0,0.9990281827016521,49,49,50,49
msg_1041,node49,node12,229,19777,19778,,1.0,2,1.0,0.9990281827016521,,49,,1.0,0,0.9990281827016521,49,49,50,49
msg_1042,node49,node13,229,19777,19778,,1.0,2,1.0,0.9990281827016521,,49,,1.0,0,0.9990281827016521,49,49,50,49
msg_1043,node49,node14,229,19777,19778,,1.0,2,1.0,0.9990281827016521,,49,,1.0,0,0.9990281827016521,49,49,50,49
msg_1044,node49,node15,229,19777,19778,,1.0,2,1.0,0.9990281827016521,,49,,1.0,0,0.9990281827016521,49,49,50,49
msg_1045,node49,node16,229,19777,19778,,1.0,2,1.0,0.9990281827016521,,49,,1.0,0,0.9990281827016521,49,49,50,49
msg_1046,node49,node17,229,19777,19778,,1.0,2,1.0,0.9990281827016521,,49,,1.0,0,0.9990281827016521,49,49,50,49
msg_1047,node49,node18,229,19777,19778,,1.0,2,1.0,0.9990281827016521,,49,,1.0,0,0.9990281827016521,49,49,50,49
msg_1048,node49,node19,229,19777,19778,,1.0,2,1.0,0.9990281827016521,,49,,1.0,0,0.9990281827016521,49,49,50,49
msg_1049,node49,node20,229,19777,19778,,1.0,2,1.0,0.9990281827016521,,49,,1.0,0,0.9990281827016521,49,49,50,49
msg_1050,node49,node21,229,19777,19778,,1.0,2,1.0,0.9990281827016521,,49,,1.0,0,0.9990281827016521,49,49,50,49
msg_1051,node49,node22,229,19777,19778,,1.0,2,1.0,0.9990281827016521,,49,,1.0,0,0.9990281827016521,49,49,50,49
msg_1052,node49,node23,229,19777,19778,,1.0,2,1.0,0.9990281827016521,,49,,1.0,0,0.9990281827016521,49,49,50,49
msg_1053,node49,node24,229,19777,19778,,1.0,2,1.0,0.9990281827016521,,49,,1.0,0,0.9990281827016521,49,49,50,49
msg_1054,node49,node25,229,19777,19778,,1.0,2,1.0,0.9990281827016521,,49,,1.0,0,0.9990281827016521,49,49,50,49
msg_1055,node49,node26,229,19777,19778,,1.0,2,1.0,0.9990281827016521,,49,,1.0,0,0.9990281827016521,49,49,50,49
msg_1056,node49,node27,229,19777,19778,,1.0,2,1.0,0.9990281827016521,,49,,1.0,0,0.9990281827016521,49,49,50,49
msg_1057,node49,node28,229,19777,19778,,1.0,2,1.0,0.9990281827016521,,49,,1.0,0,0.9990281827016521,49,49,50,49
msg_1058,node49,node29,229,19777,19778,,1.0,2,1.0,0.9990281827016521,,49,,1.0,0,0.9990281827016521,49,49,50,49
msg_1059,node49,node30,229,19777,19778,,1.0,2,1.0,0.9990281827016521,,49,,1.0,0,0.9990281827016521,49,49,50,49
msg_1060,node49,node31,229,19777,19778,,1.0,2,1.0,0.9990281827016521,,49,,1.0,0,0.9990281827016521,49,49,50,49
msg_1061,node49,node32,229,19777,19778,,1.0,2,1.0,0.9990281827016521,,49,,1.0,0,0.9990281827016521,49,49,50,49
msg_1062,node49,node33,229,19777,19778,,1.0,2,1.0,0.9990281827016521,,49,,1.0,0,0.9990281827016521,49,49,50,49
msg_1063,node49,node34,229,19777,19778,,1.0,2,1.0,0.9990281827016521,,49,,1.0,0,0.9990281827016521,49,49,50,49
msg_1064,node49,node35,229,19777,19778,,1.0,2,1.0,0.9990281827016521,,49,,1.0,0,0.9990281827016521,49,49,50,49
msg_1065,node49,node36,229,19777,19778,,1.0,2,1.0,0.9990281827016521,,49,,1.0,0,0.9990281827016521,49,49,50,49
msg_1066,node49,node37,229,19777,19778,,1.0,2,1.0,0.9990281827016521,,49,,1.0,0,0.9990281827016521,49,49,50,49
msg_1067,node49,node38,229,19777,19778,,1.0,2,1.0,0.9990281827016521,,49,,1.0,0,0.9990281827016521,49,49,50,49
msg_1068,node49,node39,229,19777,19778,,1.0,2,1.0,0.9990281827016521,,49,,1.0,0,0.9990281827016521,49,49,50,49
msg_1069,node49,node40,229,19777,19778,,1.0,2,1.0,0.9990281827016521,,49,,1.0,0,0.9990281827016521,49,49,50,49
msg_1070,node49,node41,229,19777,19778,,1.0,2,1.0,0.9990281827016521,,49,,1.0,0,0.9990281827016521,49,49,50,49
msg_1071,node49,node42,229,19777,19778,,1.0,2,1.0,0.9990281827016521,,49,,1.0,0,0.9990281827016521,49,49,50,49
msg_1072,node49,node43,229,19777,19778,,1.0,2,1.0,0.9990281827016521,,49,,1.0,0,0.9990281827016521,49,49,50,49
msg_1073,node49,node44,229,19777,19778,,1.0,2,1.0,0.9990281827016521,,49,,1.0,0,0.9990281827016521,49,49,50,49
msg_1074,node49,node45,229,19777,19778,,1.0,2,1.0,0.9990281827016521,,49,,1.0,0,0.9990281827016521,49,49,50,49
msg_1075,node49,node46,229,19777,19778,,1.0,2,1.0,0.9990281827016521,,49,,1.0,0,0.9990281827016521,49,49,50,49
msg_1076,node49,node47,229,19777,19778,,1.0,2,1.0,0.9990281827016521,,49,,1.0,0,0.9990281827016521,49,49,50,49
msg_1077,node49,node48,229,19777,19778,,1.0,2,1.0,0.9990281827016521,,49,,1.0,0,0.9990281827016521,49,49,50,49
msg_1078,node49,node0,228,22578,22579,,1.0,2,1.0,0.9990723562152134,,49,,0.9545454545454546,0,0.9990723562152134,49,49,50,49
msg_1079,node49,node1,228,22578,22579,,1.0,2,1.0,0.9990723562152134,,49,,1.0,0,0.9990723562152134,49,49,50,49
msg_1080,node49,node2,228,22578,22579,,1.0,2,1.0,0.9990723562152134,,49,,1.0,0,0.9990723562152134,49,49,50,49
msg_1081,node49,node3,228,22578,22579,,1.0,2,1.0,0.9990723562152134,,49,,1.0,0,0.9990723562152134,49,49,50,49
msg_1082,node49,node4,228,22578,22579,,1.0,2,1.0,0.9990723562152134,,49,,1.0,0,0.9990723562152134,49,49,50,49
msg_1083,node49,node5,228,22578,22579,,1.0,2,1.0,0.9990723562152134,,49,,1.0,0,0.9990723562152134,49,49,50,49
msg_1084,node49,node6,228,22578,22579,,1.0,2,1.0,0.9990723562152134,,49,,1.0,0,0.9990723562152134,49,49,50,49
msg_1085,node49,node7,228,22578,22579,,1.0,2,1.0,0.9990723562152134,,49,,1.0,0,0.9990723562152134,49,49,50,49
msg_1086,node49,node8,228,22578,22579,,1.0,2,1.0,0.9990723562152134,,49,,1.0,0,0.9990723562152134,49,49,50,49
msg_1087,node49,node9,228,22578,22579,,1.0,2,1.0,0.9990723562152134,,49,,1.0,0,0.9990723562152134,49,49,50,49
msg_1088,node49,node10,229,22578,22579,,1.0,2,1.0,0.9990723562152134,,49,,1.0,0,0.9990723562152134,49,49,50,49
msg_1089,node49,node11,229,22578,22579,,1.0,2,1.0,0.9990723562152134,,49,,1.0,0,0.9990723562152134,49,49,50,49
msg_1090,node49,node12,229,22578,22579,,1.0,2,1.0,0.9990723562152134,,49,,1.0,0,0.9990723562152134,49,49,50,49
msg_1091,node49,node13,229,22578,22579,,1.0,2,1.0,0.9990723562152134,,49,,1.0,0,0.9990723562152134,49,49,50,49
msg_1092,node49,node14,229,22578,22579,,1.0,2,1.0,0.9990723562152134,,49,,1.0,0,0.9990723562152134,49,49,50,49
msg_1093,node49,node15,229,22578,22579,,1.0,2,1.0,0.9990723562152134,,49,,1.0,0,0.9990723562152134,49,49,50,49
msg_1094,node49,node16,229,22578,22579,,1.0,2,1.0,0.9990723562152134,,49,,1.0,0,0.9990723562152134,49,49,50,49
msg_1095,node49,node17,229,22578,22579,,1.0,2,1.0,0.9990723562152134,,49,,1.0,0,0.9990723562152134,49,49,50,49
msg_1096,node49,node18,229,22578,22579,,1.0,2,1.0,0.9990723562152134,,49,,1.0,0,0.9990723562152134,49,49,50,49
msg_1097,node49,node19,229,22578,22579,,1.0,2,1.0,0.9990723562152134,,49,,1.0,0,0.9990723562152134,49,49,50,49
msg_1098,node49,node20,229,22578,22579,,1.0,2,1.0,0.9990723562152134,,49,,1.0,0,0.9990723562152134,49,49,50,49
msg_1099,node49,node21,229,22578,22579,,1.0,2,1.0,0.9990723562152134,,49,,1.0,0,0.9990723562152134,49,49,50,49
msg_1100,node49,node22,229,22578,22579,,1.0,2,1.0,0.9990723562152134,,49,,1.0,0,0.9990723562152134,49,49,50,49
msg_1101,node49,node23,229,22578,22579,,1.0,2,1.0,0.9990723562152134,,49,,1.0,0,0.9990723562152134,49,49,50,49
msg_1102,node49,node24,229,22578,22579,,1.0,2,1.0,0.9990723562152134,,49,,1.0,0,0.9990723562152134,49,49,50,49
msg_1103,node49,node25,229,22578,22579,,1.0,2,1.0,0.9990723562152134,,49,,1.0,0,0.9990723562152134,49,49,50,49
msg_1104,node49,node26,229,22578,22579,,1.0,2,1.0,0.9990723562152134,,49,,1.0,0,0.9990723562152134,49,49,50,49
msg_1105,node49,node27,229,22578,22579,,1.0,2,1.0,0.9990723562152134,,49,,1.0,0,0.9990723562152134,49,49,50,49
msg_1106,node49,node28,229,22578,22579,,1.0,2,1.0,0.9990723562152134,,49,,1.0,0,0.9990723562152134,49,49,50,49
msg_1107,node49,node29,229,22578,22579,,1.0,2,1.0,0.9990723562152134,,49,,1.0,0,0.9990723562152134,49,49,50,49
msg_1108,node49,node30,229,22578,22579,,1.0,2,1.0,0.9990723562152134,,49,,1.0,0,0.9990723562152134,49,49,50,49
msg_1109,node49,node31,229,22578,22579,,1.0,2,1.0,0.9990723562152134,,49,,1.0,0,0.9990723562152134,49,49,50,49
msg_1110,node49,node32,229,22578,22579,,1.0,2,1.0,0.9990723562152134,,49,,1.0,0,0.9990723562152134,49,49,50,49
msg_1111,node49,node33,229,22578,22579,,1.0,2,1.0,0.9990723562152134,,49,,1.0,0,0.9990723562152134,49,49,50,49
msg_1112,node49,node34,229,22578,22579,,1.0,2,1.0,0.9990723562152134,,49,,1.0,0,0.9990723562152134,49,49,50,49
msg_1113,node49,node35,229,22578,22579,,1.0,2,1.0,0.9990723562152134,,49,,1.0,0,0.9990723562152134,49,49,50,49
msg_1114,node49,node36,229,22578,22579,,1.0,2,1.0,0.9990723562152134,,49,,1.0,0,0.9990723562152134,49,49,50,49
msg_1115,node49,node37,229,22578,22579,,1.0,2,1.0,0.9990723562152134,,49,,1.0,0,0.9990723562152134,49,49,50,49
msg_1116,node49,node38,229,22578,22579,,1.0,2,1.0,0.9990723562152134,,49,,1.0,0,0.9990723562152134,49,49,50,49
msg_1117,node49,node39,229,22578,22579,,1.0,2,1.0,0.9990723562152134,,49,,1.0,0,0.9990723562152134,49,49,50,49
msg_1118,node49,node40,229,22578,22579,,1.0,2,1.0,0.9990723562152134,,49,,1.0,0,0.9990723562152134,49,49,50,49
msg_1119,node49,node41,229,22578,22579,,1.0,2,1.0,0.9990723562152134,,49,,1.0,0,0.9990723562152134,49,49,50,49
msg_1120,node49,node42,229,22578,22579,,1.0,2,1.0,0.9990723562152134,,49,,1.0,0,0.9990723562152134,49,49,50,49
msg_1121,node49,node43,229,22578,22579,,1.0,2,1.0,0.9990723562152134,,49,,1.0,0,0.9990723562152134,49,49,50,49
msg_1122,node49,node44,229,22578,22579,,1.0,2,1.0,0.9990723562152134,,49,,1.0,0,0.9990723562152134,49,49,50,49
msg_1123,node49,node45,229,22578,22579,,1.0,2,1.0,0.9990723562152134,,49,,1.0,0,0.9990723562152134,49,49,50,49
msg_1124,node49,node46,229,22578,22579,,1.0,2,1.0,0.9990723562152134,,49,,1.0,0,0.9990723562152134,49,49,50,49
msg_1125,node49,node47,229,22578,22579,,1.0,2,1.0,0.9990723562152134,,49,,1.0,0,0.9990723562152134,49,49,50,49
msg_1126,node49,node48,229,22578,22579,,1.0,2,1.0,0.9990723562152134,,49,,1.0,0,0.9990723562152134,49,49,50,49
msg_1127,node49,node0,228,23058,23059,,1.0,2,1.0,0.9991126885536823,,49,,0.9565217391304348,0,0.9991126885536823,49,49,50,49
msg_1128,node49,node1,228,23058,23059,,1.0,2,1.0,0.9991126885536823,,49,,1.0,0,0.9991126885536823,49,49,50,49
msg_1129,node49,node2,228,23058,23059,,1.0,2,1.0,0.9991126885536823,,49,,1.0,0,0.9991126885536823,49,49,50,49
msg_1130,node49,node3,228,23058,23059,,1.0,2,1.0,0.9991126885536823,,49,,1.0,0,0.9991126885536823,49,49,50,49
msg_1131,node49,node4,228,23058,23059,,1.0,2,1.0,0.9991126885536823,,49,,1.0,0,0.9991126885536823,49,49,50,49
msg_1132,node49,node5,228,23058,23059,,1.0,2,1.0,0.9991126885536823,,49,,1.0,0,0.9991126885536823,49,49,50,49
msg_1133,node49,node6,228,23058,23059,,1.0,2,1.0,0.9991126885536823,,49,,1.0,0,0.9991126885536823,49,49,50,49
msg_1134,node49,node7,228,23058,23059,,1.0,2,1.0,0.9991126885536823,,49,,1.0,0,0.9991126885536823,49,49,50,49
msg_1135,node49,node8,228,23058,23059,,1.0,2,1.0,0.9991126885536823,,49,,1.0,0,0.9991126885536823,49,49,50,49
msg_1136,node49,node9,228,23058,23059,,1.0,2,1.0,0.9991126885536823,,49,,1.0,0,0.9991126885536823,49,49,50,49
msg_1137,node49,node10,229,23058,23059,,1.0,2,1.0,0.9991126885536823,,49,,1.0,0,0.9991126885536823,49,49,50,49
msg_1138,node49,node11,229,23058,23059,,1.0,2,1.0,0.9991126885536823,,49,,1.0,0,0.9991126885536823,49,49,50,49
msg_1139,node49,node12,229,23058,23059,,1.0,2,1.0,0.9991126885536823,,49,,1.0,0,0.9991126885536823,49,49,50,49
msg_1140,node49,node13,229,23058,23059,,1.0,2,1.0,0.9991126885536823,,49,,1.0,0,0.9991126885536823,49,49,50,49
msg_1141,node49,node14,229,23058,23059,,1.0,2,1.0,0.9991126885536823,,49,,1.0,0,0.9991126885536823,49,49,50,49
msg_1142,node49,node15,229,23058,23059,,1.0,2,1.0,0.9991126885536823,,49,,1.0,0,0.9991126885536823,49,49,50,49
msg_1143,node49,node16,229,23058,23059,,1.0,2,1.0,0.9991126885536823,,49,,1.0,0,0.9991126885536823,49,49,50,49
msg_1144,node49,node17,229,23058,23059,,1.0,2,1.0,0.9991126885536823,,49,,1.0,0,0.9991126885536823,49,49,50,49
msg_1145,node49,node18,229,23058,23059,,1.0,2,1.0,0.9991126885536823,,49,,1.0,0,0.9991126885536823,49,49,50,49
msg_1146,node49,node19,229,23058,23059,,1.0,2,1.0,0.9991126885536823,,49,,1.0,0,0.9991126885536823,49,49,50,49
msg_1147,node49,node20,229,23058,23059,,1.0,2,1.0,0.9991126885536823,,49,,1.0,0,0.9991126885536823,49,49,50,49
msg_1148,node49,node21,229,23058,23059,,1.0,2,1.0,0.9991126885536823,,49,,1.0,0,0.9991126885536823,49,49,50,49
msg_1149,node49,node22,229,23058,23059,,1.0,2,1.0,0.9991126885536823,,49,,1.0,0,0.9991126885536823,49,49,50,49
msg_1150,node49,node23,229,23058,23059,,1.0,2,1.0,0.9991126885536823,,49,,1.0,0,0.9991126885536823,49,49,50,49
msg_1151,node49,node24,229,23058,23059,,1.0,2,1.0,0.9991126885536823,,49,,1.0,0,0.9991126885536823,49,49,50,49
msg_1152,node49,node25,229,23058,23059,,1.0,2,1.0,0.9991126885536823,,49,,1.0,0,0.9991126885536823,49,49,50,49
msg_1153,node49,node26,229,23058,23059,,1.0,2,1.0,0.9991126885536823,,49,,1.0,0,0.9991126885536823,49,49,50,49
msg_1154,node49,node27,229,23058,23059,,1.0,2,1.0,0.9991126885536823,,49,,1.0,0,0.9991126885536823,49,49,50,49
msg_1155,node49,node28,229,23058,23059,,1.0,2,1.0,0.9991126885536823,,49,,1.0,0,0.9991126885536823,49,49,50,49
msg_1156,node49,node29,229,23058,23059,,1.0,2,1.0,0.9991126885536823,,49,,1.0,0,0.9991126885536823,49,49,50,49
msg_1157,node49,node30,229,23058,23059,,1.0,2,1.0,0.9991126885536823,,49,,1.0,0,0.9991126885536823,49,49,50,49
msg_1158,node49,node31,229,23058,23059,,1.0,2,1.0,0.9991126885536823,,49,,1.0,0,0.9991126885536823,49,49,50,49
msg_1159,node49,node32,229,23058,23059,,1.0,2,1.0,0.9991126885536823,,49,,1.0,0,0.9991126885536823,49,49,50,49
msg_1160,node49,node33,229,23058,23059,,1.0,2,1.0,0.9991126885536823,,49,,1.0,0,0.9991126885536823,49,49,50,49
msg_1161,node49,node34,229,23058,23059,,1.0,2,1.0,0.9991126885536823,,49,,1.0,0,0.9991126885536823,49,49,50,49
msg_1162,node49,node35,229,23058,23059,,1.0,2,1.0,0.9991126885536823,,49,,1.0,0,0.9991126885536823,49,49,50,49
msg_1163,node49,node36,229,23058,23059,,1.0,2,1.0,0.9991126885536823,,49,,1.0,0,0.9991126885536823,49,49,50,49
msg_1164,node49,node37,229,23058,23059,,1.0,2,1.0,0.9991126885536823,,49,,1.0,0,0.9991126885536823,49,49,50,49
msg_1165,node49,node38,229,23058,23059,,1.0,2,1.0,0.9991126885536823,,49,,1.0,0,0.9991126885536823,49,49,50,49
msg_1166,node49,node39,229,23058,23059,,1.0,2,1.0,0.9991126885536823,,49,,1.0,0,0.9991126885536823,49,49,50,49
msg_1167,node49,node40,229,23058,23059,,1.0,2,1.0,0.9991126885536823,,49,,1.0,0,0.9991126885536823,49,49,50,49
msg_1168,node49,node41,229,23058,23059,,1.0,2,1.0,0.9991126885536823,,49,,1.0,0,0.9991126885536823,49,49,50,49
msg_1169,node49,node42,229,23058,23059,,1.0,2,1.0,0.9991126885536823,,49,,1.0,0,0.9991126885536823,49,49,50,49
msg_1170,node49,node43,229,23058,23059,,1.0,2,1.0,0.9991126885536823,,49,,1.0,0,0.9991126885536823,49,49,50,49
msg_1171,node49,node44,229,23058,23059,,1.0,2,1.0,0.9991126885536823,,49,,1.0,0,0.9991126885536823,49,49,50,49
msg_1172,node49,node45,229,23058,23059,,1.0,2,1.0,0.9991126885536823,,49,,1.0,0,0.9991126885536823,49,49,50,49
msg_1173,node49,node46,229,23058,23059,,1.0,2,1.0,0.9991126885536823,,49,,1.0,0,0.9991126885536823,49,49,50,49
msg_1174,node49,node47,229,23058,23059,,1.0,2,1.0,0.9991126885536823,,49,,1.0,0,0.9991126885536823,49,49,50,49
msg_1175,node49,node48,229,23058,23059,,1.0,2,1.0,0.9991126885536823,,49,,1.0,0,0.9991126885536823,49,49,50,49
msg_1176,node49,node0,228,23302,23303,,1.0,2,1.0,0.9991496598639455,,49,,0.9583333333333334,0,0.9991496598639455,49,49,50,49
msg_1177,node49,node1,228,23302,23303,,1.0,2,1.0,0.9991496598639455,,49,,1.0,0,0.9991496598639455,49,49,50,49
msg_1178,node49,node2,228,23302,23303,,1.0,2,1.0,0.9991496598639455,,49,,1.0,0,0.9991496598639455,49,49,50,49
msg_1179,node49,node3,228,23302,23303,,1.0,2,1.0,0.9991496598639455,,49,,1.0,0,0.9991496598639455,49,49,50,49
msg_1180,node49,node4,228,23302,23303,,1.0,2,1.0,0.9991496598639455,,49,,1.0,0,0.9991496598639455,49,49,50,49
msg_1181,node49,node5,228,23302,23303,,1.0,2,1.0,0.9991496598639455,,49,,1.0,0,0.9991496598639455,49,49,50,49
msg_1182,node49,node6,228,23302,23303,,1.0,2,1.0,0.9991496598639455,,49,,1.0,0,0.9991496598639455,49,49,50,49
msg_1183,node49,node7,228,23302,23303,,1.0,2,1.0,0.9991496598639455,,49,,1.0,0,0.9991496598639455,49,49,50,49
msg_1184,node49,node8,228,23302,23303,,1.0,2,1.0,0.9991496598639455,,49,,1.0,0,0.9991496598639455,49,49,50,49
msg_1185,node49,node9,228,23302,23303,,1.0,2,1.0,0.9991496598639455,,49,,1.0,0,0.9991496598639455,49,49,50,49
msg_1186,node49,node10,229,23302,23303,,1.0,2,1.0,0.9991496598639455,,49,,1.0,0,0.9991496598639455,49,49,50,49
msg_1187,node49,node11,229,23302,23303,,1.0,2,1.0,0.9991496598639455,,49,,1.0,0,0.9991496598639455,49,49,50,49
msg_1188,node49,node12,229,23302,23303,,1.0,2,1.0,0.9991496598639455,,49,,1.0,0,0.9991496598639455,49,49,50,49
msg_1189,node49,node13,229,23302,23303,,1.0,2,1.0,0.9991496598639455,,49,,1.0,0,0.9991496598639455,49,49,50,49
msg_1190,node49,node14,229,23302,23303,,1.0,2,1.0,0.9991496598639455,,49,,1.0,0,0.9991496598639455,49,49,50,49
msg_1191,node49,node15,229,23302,23303,,1.0,2,1.0,0.9991496598639455,,49,,1.0,0,0.9991496598639455,49,49,50,49
msg_1192,node49,node16,229,23302,23303,,1.0,2,1.0,0.9991496598639455,,49,,1.0,0,0.9991496598639455,49,49,50,49
msg_1193,node49,node17,229,23302,23303,,1.0,2,1.0,0.9991496598639455,,49,,1.0,0,0.9991496598639455,49,49,50,49
msg_1194,node49,node18,229,23302,23303,,1.0,2,1.0,0.9991496598639455,,49,,1.0,0,0.9991496598639455,49,49,50,49
msg_1195,node49,node19,229,23302,23303,,1.0,2,1.0,0.9991496598639455,,49,,1.0,0,0.9991496598639455,49,49,50,49
msg_1196,node49,node20,229,23302,23303,,1.0,2,1.0,0.9991496598639455,,49,,1.0,0,0.9991496598639455,49,49,50,49
msg_1197,node49,node21,229,23302,23303,,1.0,2,1.0,0.9991496598639455,,49,,1.0,0,0.9991496598639455,49,49,50,49
msg_1198,node49,node22,229,23302,23303,,1.0,2,1.0,0.9991496598639455,,49,,1.0,0,0.9991496598639455,49,49,50,49
msg_1199,node49,node23,229,23302,23303,,1.0,2,1.0,0.9991496598639455,,49,,1.0,0,0.9991496598639455,49,49,50,49
msg_1200,node49,node24,229,23302,23303,,1.0,2,1.0,0.9991496598639455,,49,,1.0,0,0.9991496598639455,49,49,50,49
msg_1201,node49,node25,229,23302,23303,,1.0,2,1.0,0.9991496598639455,,49,,1.0,0,0.9991496598639455,49,49,50,49
msg_1202,node49,node26,229,23302,23303,,1.0,2,1.0,0.9991496598639455,,49,,1.0,0,0.9991496598639455,49,49,50,49
msg_1203,node49,node27,229,23302,23303,,1.0,2,1.0,0.9991496598639455,,49,,1.0,0,0.9991496598639455,49,49,50,49
msg_1204,node49,node28,229,23302,23303,,1.0,2,1.0,0.9991496598639455,,49,,1.0,0,0.9991496598639455,49,49,50,49
msg_1205,node49,node29,229,23302,23303,,1.0,2,1.0,0.9991496598639455,,49,,1.0,0,0.9991496598639455,49,49,50,49
msg_1206,node49,node30,229,23302,23303,,1.0,2,1.0,0.9991496598639455,,49,,1.0,0,0.9991496598639455,49,49,50,49
msg_1207,node49,node31,229,23302,23303,,1.0,2,1.0,0.9991496598639455,,49,,1.0,0,0.9991496598639455,49,49,50,49
msg_1208,node49,node32,229,23302,23303,,1.0,2,1.0,0.9991496598639455,,49,,1.0,0,0.9991496598639455,49,49,50,49
msg_1209,node49,node33,229,23302,23303,,1.0,2,1.0,0.9991496598639455,,49,,1.0,0,0.9991496598639455,49,49,50,49
msg_1210,node49,node34,229,23302,23303,,1.0,2,1.0,0.9991496598639455,,49,,1.0,0,0.9991496598639455,49,49,50,49
msg_1211,node49,node35,229,23302,23303,,1.0,2,1.0,0.9991496598639455,,49,,1.0,0,0.9991496598639455,49,49,50,49
msg_1212,node49,node36,229,23302,23303,,1.0,2,1.0,0.9991496598639455,,49,,1.0,0,0.9991496598639455,49,49,50,49
msg_1213,node49,node37,229,23302,23303,,1.0,2,1.0,0.9991496598639455,,49,,1.0,0,0.9991496598639455,49,49,50,49
msg_1214,node49,node38,229,23302,23303,,1.0,2,1.0,0.9991496598639455,,49,,1.0,0,0.9991496598639455,49,49,50,49
msg_1215,node49,node39,229,23302,23303,,1.0,2,1.0,0.9991496598639455,,49,,1.0,0,0.9991496598639455,49,49,50,49
msg_1216,node49,node40,229,23302,23303,,1.0,2,1.0,0.9991496598639455,,49,,1.0,0,0.9991496598639455,49,49,50,49
msg_1217,node49,node41,229,23302,23303,,1.0,2,1.0,0.9991496598639455,,49,,1.0,0,0.9991496598639455,49,49,50,49
msg_1218,node49,node42,229,23302,23303,,1.0,2,1.0,0.9991496598639455,,49,,1.0,0,0.9991496598639455,49,49,50,49
msg_1219,node49,node43,229,23302,23303,,1.0,2,1.0,0.9991496598639455,,49,,1.0,0,0.9991496598639455,49,49,50,49
msg_1220,node49,node44,229,23302,23303,,1.0,2,1.0,0.9991496598639455,,49,,1.0,0,0.9991496598639455,49,49,50,49
msg_1221,node49,node45,229,23302,23303,,1.0,2,1.0,0.9991496598639455,,49,,1.0,0,0.9991496598639455,49,49,50,49
msg_1222,node49,node46,229,23302,23303,,1.0,2,1.0,0.9991496598639455,,49,,1.0,0,0.9991496598639455,49,49,50,49
msg_1223,node49,node47,229,23302,23303,,1.0,2,1.0,0.9991496598639455,,49,,1.0,0,0.9991496598639455,49,49,50,49
msg_1224,node49,node48,229,23302,23303,,1.0,2,1.0,0.9991496598639455,,49,,1.0,0,0.9991496598639455,49,49,50,49
msg_1225,node49,node0,228,23849,23850,,1.0,2,1.0,0.9991836734693877,,49,,0.96,0,0.9991836734693877,49,49,50,49
msg_1226,node49,node1,228,23849,23850,,1.0,2,1.0,0.9991836734693877,,49,,1.0,0,0.9991836734693877,49,49,50,49
msg_1227,node49,node2,228,23849,23850,,1.0,2,1.0,0.9991836734693877,,49,,1.0,0,0.9991836734693877,49,49,50,49
msg_1228,node49,node3,228,23849,23850,,1.0,2,1.0,0.9991836734693877,,49,,1.0,0,0.9991836734693877,49,49,50,49
msg_1229,node49,node4,228,23849,23850,,1.0,2,1.0,0.9991836734693877,,49,,1.0,0,0.9991836734693877,49,49,50,49
msg_1230,node49,node5,228,23849,23850,,1.0,2,1.0,0.9991836734693877,,49,,1.0,0,0.9991836734693877,49,49,50,49
msg_1231,node49,node6,228,23849,23850,,1.0,2,1.0,0.9991836734693877,,49,,1.0,0,0.9991836734693877,49,49,50,49
msg_1232,node49,node7,228,23849,23850,,1.0,2,1.0,0.9991836734693877,,49,,1.0,0,0.9991836734693877,49,49,50,49
msg_1233,node49,node8,228,23849,23850,,1.0,2,1.0,0.9991836734693877,,49,,1.0,0,0.9991836734693877,49,49,50,49
msg_1234,node49,node9,228,23849,23850,,1.0,2,1.0,0.9991836734693877,,49,,1.0,0,0.9991836734693877,49,49,50,49
msg_1235,node49,node10,229,23849,23850,,1.0,2,1.0,0.9991836734693877,,49,,1.0,0,0.9991836734693877,49,49,50,49
msg_1236,node49,node11,229,23849,23850,,1.0,2,1.0,0.9991836734693877,,49,,1.0,0,0.9991836734693877,49,49,50,49
msg_1237,node49,node12,229,23849,23850,,1.0,2,1.0,0.9991836734693877,,49,,1.0,0,0.9991836734693877,49,49,50,49
msg_1238,node49,node13,229,23849,23850,,1.0,2,1.0,0.9991836734693877,,49,,1.0,0,0.9991836734693877,49,49,50,49
msg_1239,node49,node14,229,23849,23850,,1.0,2,1.0,0.9991836734693877,,49,,1.0,0,0.9991836734693877,49,49,50,49
msg_1240,node49,node15,229,23849,23850,,1.0,2,1.0,0.9991836734693877,,49,,1.0,0,0.9991836734693877,49,49,50,49
msg_1241,node49,node16,229,23849,23850,,1.0,2,1.0,0.9991836734693877,,49,,1.0,0,0.9991836734693877,49,49,50,49
msg_1242,node49,node17,229,23849,23850,,1.0,2,1.0,0.9991836734693877,,49,,1.0,0,0.9991836734693877,49,49,50,49
msg_1243,node49,node18,229,23849,23850,,1.0,2,1.0,0.9991836734693877,,49,,1.0,0,0.9991836734693877,49,49,50,49
msg_1244,node49,node19,229,23849,23850,,1.0,2,1.0,0.9991836734693877,,49,,1.0,0,0.9991836734693877,49,49,50,49
msg_1245,node49,node20,229,23849,23850,,1.0,2,1.0,0.9991836734693877,,49,,1.0,0,0.9991836734693877,49,49,50,49
msg_1246,node49,node21,229,23849,23850,,1.0,2,1.0,0.9991836734693877,,49,,1.0,0,0.9991836734693877,49,49,50,49
msg_1247,node49,node22,229,23849,23850,,1.0,2,1.0,0.9991836734693877,,49,,1.0,0,0.9991836734693877,49,49,50,49
msg_1248,node49,node23,229,23849,23850,,1.0,2,1.0,0.9991836734693877,,49,,1.0,0,0.9991836734693877,49,49,50,49
msg_1249,node49,node24,229,23849,23850,,1.0,2,1.0,0.9991836734693877,,49,,1.0,0,0.9991836734693877,49,49,50,49
msg_1250,node49,node25,229,23849,23850,,1.0,2,1.0,0.9991836734693877,,49,,1.0,0,0.9991836734693877,49,49,50,49
msg_1251,node49,node26,229,23849,23850,,1.0,2,1.0,0.9991836734693877,,49,,1.0,0,0.9991836734693877,49,49,50,49
msg_1252,node49,node27,229,23849,23850,,1.0,2,1.0,0.9991836734693877,,49,,1.0,0,0.9991836734693877,49,49,50,49
msg_1253,node49,node28,229,23849,23850,,1.0,2,1.0,0.9991836734693877,,49,,1.0,0,0.9991836734693877,49,49,50,49
msg_1254,node49,node29,229,23849,23850,,1.0,2,1.0,0.9991836734693877,,49,,1.0,0,0.9991836734693877,49,49,50,49
msg_1255,node49,node30,229,23849,23850,,1.0,2,1.0,0.9991836734693877,,49,,1.0,0,0.9991836734693877,49,49,50,49
msg_1256,node49,node31,229,23849,23850,,1.0,2,1.0,0.9991836734693877,,49,,1.0,0,0.9991836734693877,49,49,50,49
msg_1257,node49,node32,229,23849,23850,,1.0,2,1.0,0.9991836734693877,,49,,1.0,0,0.9991836734693877,49,49,50,49
msg_1258,node49,node33,229,23849,23850,,1.0,2,1.0,0.9991836734693877,,49,,1.0,0,0.9991836734693877,49,49,50,49
msg_1259,node49,node34,229,23849,23850,,1.0,2,1.0,0.9991836734693877,,49,,1.0,0,0.9991836734693877,49,49,50,49
msg_1260,node49,node35,229,23849,23850,,1.0,2,1.0,0.9991836734693877,,49,,1.0,0,0.9991836734693877,49,49,50,49
msg_1261,node49,node36,229,23849,23850,,1.0,2,1.0,0.9991836734693877,,49,,1.0,0,0.9991836734693877,49,49,50,49
msg_1262,node49,node37,229,23849,23850,,1.0,2,1.0,0.9991836734693877,,49,,1.0,0,0.9991836734693877,49,49,50,49
msg_1263,node49,node38,229,23849,23850,,1.0,2,1.0,0.9991836734693877,,49,,1.0,0,0.9991836734693877,49,49,50,49
msg_1264,node49,node39,229,23849,23850,,1.0,2,1.0,0.9991836734693877,,49,,1.0,0,0.9991836734693877,49,49,50,49
msg_1265,node49,node40,229,23849,23850,,1.0,2,1.0,0.9991836734693877,,49,,1.0,0,0.9991836734693877,49,49,50,49
msg_1266,node49,node41,229,23849,23850,,1.0,2,1.0,0.9991836734693877,,49,,1.0,0,0.9991836734693877,49,49,50,49
msg_1267,node49,node42,229,23849,23850,,1.0,2,1.0,0.9991836734693877,,49,,1.0,0,0.9991836734693877,49,49,50,49
msg_1268,node49,node43,229,23849,23850,,1.0,2,1.0,0.9991836734693877,,49,,1.0,0,0.9991836734693877,49,49,50,49
msg_1269,node49,node44,229,23849,23850,,1.0,2,1.0,0.9991836734693877,,49,,1.0,0,0.9991836734693877,49,49,50,49
msg_1270,node49,node45,229,23849,23850,,1.0,2,1.0,0.9991836734693877,,49,,1.0,0,0.9991836734693877,49,49,50,49
msg_1271,node49,node46,229,23849,23850,,1.0,2,1.0,0.9991836734693877,,49,,1.0,0,0.9991836734693877,49,49,50,49
msg_1272,node49,node47,229,23849,23850,,1.0,2,1.0,0.9991836734693877,,49,,1.0,0,0.9991836734693877,49,49,50,49
msg_1273,node49,node48,229,23849,23850,,1.0,2,1.0,0.9991836734693877,,49,,1.0,0,0.9991836734693877,49,49,50,49
msg_1274,node49,node0,228,23880,23881,,1.0,2,1.0,0.9992150706436421,,49,,0.9615384615384616,0,0.9992150706436421,49,49,50,49
msg_1275,node49,node1,228,23880,23881,,1.0,2,1.0,0.9992150706436421,,49,,1.0,0,0.9992150706436421,49,49,50,49
msg_1276,node49,node2,228,23880,23881,,1.0,2,1.0,0.9992150706436421,,49,,1.0,0,0.9992150706436421,49,49,50,49
msg_1277,node49,node3,228,23880,23881,,1.0,2,1.0,0.9992150706436421,,49,,1.0,0,0.9992150706436421,49,49,50,49
msg_1278,node49,node4,228,23880,23881,,1.0,2,1.0,0.9992150706436421,,49,,1.0,0,0.9992150706436421,49,49,50,49
msg_1279,node49,node5,228,23880,23881,,1.0,2,1.0,0.9992150706436421,,49,,1.0,0,0.9992150706436421,49,49,50,49
msg_1280,node49,node6,228,23880,23881,,1.0,2,1.0,0.9992150706436421,,49,,1.0,0,0.9992150706436421,49,49,50,49
msg_1281,node49,node7,228,23880,23881,,1.0,2,1.0,0.9992150706436421,,49,,1.0,0,0.9992150706436421,49,49,50,49
msg_1282,node49,node8,228,23880,23881,,1.0,2,1.0,0.9992150706436421,,49,,1.0,0,0.9992150706436421,49,49,50,49
msg_1283,node49,node9,228,23880,23881,,1.0,2,1.0,0.9992150706436421,,49,,1.0,0,0.9992150706436421,49,49,50,49
msg_1284,node49,node10,229,23880,23881,,1.0,2,1.0,0.9992150706436421,,49,,1.0,0,0.9992150706436421,49,49,50,49
msg_1285,node49,node11,229,23880,23881,,1.0,2,1.0,0.9992150706436421,,49,,1.0,0,0.9992150706436421,49,49,50,49
msg_1286,node49,node12,229,23880,23881,,1.0,2,1.0,0.9992150706436421,,49,,1.0,0,0.9992150706436421,49,49,50,49
msg_1287,node49,node13,229,23880,23881,,1.0,2,1.0,0.9992150706436421,,49,,1.0,0,0.9992150706436421,49,49,50,49
msg_1288,node49,node14,229,23880,23881,,1.0,2,1.0,0.9992150706436421,,49,,1.0,0,0.9992150706436421,49,49,50,49
msg_1289,node49,node15,229,23880,23881,,1.0,2,1.0,0.9992150706436421,,49,,1.0,0,0.9992150706436421,49,49,50,49
msg_1290,node49,node16,229,23880,23881,,1.0,2,1.0,0.9992150706436421,,49,,1.0,0,0.9992150706436421,49,49,50,49
msg_1291,node49,node17,229,23880,23881,,1.0,2,1.0,0.9992150706436421,,49,,1.0,0,0.9992150706436421,49,49,50,49
msg_1292,node49,node18,229,23880,23881,,1.0,2,1.0,0.9992150706436421,,49,,1.0,0,0.9992150706436421,49,49,50,49
msg_1293,node49,node19,229,23880,23881,,1.0,2,1.0,0.9992150706436421,,49,,1.0,0,0.9992150706436421,49,49,50,49
msg_1294,node49,node20,229,23880,23881,,1.0,2,1.0,0.9992150706436421,,49,,1.0,0,0.9992150706436421,49,49,50,49
msg_1295,node49,node21,229,23880,23881,,1.0,2,1.0,0.9992150706436421,,49,,1.0,0,0.9992150706436421,49,49,50,49
msg_1296,node49,node22,229,23880,23881,,1.0,2,1.0,0.9992150706436421,,49,,1.0,0,0.9992150706436421,49,49,50,49
msg_1297,node49,node23,229,23880,23881,,1.0,2,1.0,0.9992150706436421,,49,,1.0,0,0.9992150706436421,49,49,50,49
msg_1298,node49,node24,229,23880,23881,,1.0,2,1.0,0.9992150706436421,,49,,1.0,0,0.9992150706436421,49,49,50,49
msg_1299,node49,node25,229,23880,23881,,1.0,2,1.0,0.9992150706436421,,49,,1.0,0,0.9992150706436421,49,49,50,49
msg_1300,node49,node26,229,23880,23881,,1.0,2,1.0,0.9992150706436421,,49,,1.0,0,0.9992150706436421,49,49,50,49
msg_1301,node49,node27,229,23880,23881,,1.0,2,1.0,0.9992150706436421,,49,,1.0,0,0.9992150706436421,49,49,50,49
msg_1302,node49,node28,229,23880,23881,,1.0,2,1.0,0.9992150706436421,,49,,1.0,0,0.9992150706436421,49,49,50,49
msg_1303,node49,node29,229,23880,23881,,1.0,2,1.0,0.9992150706436421,,49,,1.0,0,0.9992150706436421,49,49,50,49
msg_1304,node49,node30,229,23880,23881,,1.0,2,1.0,0.9992150706436421,,49,,1.0,0,0.9992150706436421,49,49,50,49
msg_1305,node49,node31,229,23880,23881,,1.0,2,1.0,0.9992150706436421,,49,,1.0,0,0.9992150706436421,49,49,50,49
msg_1306,node49,node32,229,23880,23881,,1.0,2,1.0,0.9992150706436421,,49,,1.0,0,0.9992150706436421,49,49,50,49
msg_1307,node49,node33,229,23880,23881,,1.0,2,1.0,0.9992150706436421,,49,,1.0,0,0.9992150706436421,49,49,50,49
msg_1308,node49,node34,229,23880,23881,,1.0,2,1.0,0.9992150706436421,,49,,1.0,0,0.9992150706436421,49,49,50,49
msg_1309,node49,node35,229,23880,23881,,1.0,2,1.0,0.9992150706436421,,49,,1.0,0,0.9992150706436421,49,49,50,49
msg_1310,node49,node36,229,23880,23881,,1.0,2,1.0,0.9992150706436421,,49,,1.0,0,0.9992150706436421,49,49,50,49
msg_1311,node49,node37,229,23880,23881,,1.0,2,1.0,0.9992150706436421,,49,,1.0,0,0.9992150706436421,49,49,50,49
msg_1312,node49,node38,229,23880,23881,,1.0,2,1.0,0.9992150706436421,,49,,1.0,0,0.9992150706436421,49,49,50,49
msg_1313,node49,node39,229,23880,23881,,1.0,2,1.0,0.9992150706436421,,49,,1.0,0,0.9992150706436421,49,49,50,49
msg_1314,node49,node40,229,23880,23881,,1.0,2,1.0,0.9992150706436421,,49,,1.0,0,0.9992150706436421,49,49,50,49
msg_1315,node49,node41,229,23880,23881,,1.0,2,1.0,0.9992150706436421,,49,,1.0,0,0.9992150706436421,49,49,50,49
msg_1316,node49,node42,229,23880,23881,,1.0,2,1.0,0.9992150706436421,,49,,1.0,0,0.9992150706436421,49,49,50,49
msg_1317,node49,node43,229,23880,23881,,1.0,2,1.0,0.9992150706436421,,49,,1.0,0,0.9992150706436421,49,49,50,49
msg_1318,node49,node44,229,23880,23881,,1.0,2,1.0,0.9992150706436421,,49,,1.0,0,0.9992150706436421,49,49,50,49
msg_1319,node49,node45,229,23880,23881,,1.0,2,1.0,0.9992150706436421,,49,,1.0,0,0.9992150706436421,49,49,50,49
msg_1320,node49,node46,229,23880,23881,,1.0,2,1.0,0.9992150706436421,,49,,1.0,0,0.9992150706436421,49,49,50,49
msg_1321,node49,node47,229,23880,23881,,1.0,2,1.0,0.9992150706436421,,49,,1.0,0,0.9992150706436421,49,49,50,49
msg_1322,node49,node48,229,23880,23881,,1.0,2,1.0,0.9992150706436421,,49,,1.0,0,0.9992150706436421,49,49,50,49
msg_1323,node49,node0,228,24129,24130,,1.0,2,1.0,0.999244142101285,,49,,0.9629629629629629,0,0.999244142101285,49,49,50,49
msg_1324,node49,node1,228,24129,24130,,1.0,2,1.0,0.999244142101285,,49,,1.0,0,0.999244142101285,49,49,50,49
msg_1325,node49,node2,228,24129,24130,,1.0,2,1.0,0.999244142101285,,49,,1.0,0,0.999244142101285,49,49,50,49
msg_1326,node49,node3,228,24129,24130,,1.0,2,1.0,0.999244142101285,,49,,1.0,0,0.999244142101285,49,49,50,49
msg_1327,node49,node4,228,24129,24130,,1.0,2,1.0,0.999244142101285,,49,,1.0,0,0.999244142101285,49,49,50,49
msg_1328,node49,node5,228,24129,24130,,1.0,2,1.0,0.999244142101285,,49,,1.0,0,0.999244142101285,49,49,50,49
msg_1329,node49,node6,228,24129,24130,,1.0,2,1.0,0.999244142101285,,49,,1.0,0,0.999244142101285,49,49,50,49
msg_1330,node49,node7,228,24129,24130,,1.0,2,1.0,0.999244142101285,,49,,1.0,0,0.999244142101285,49,49,50,49
msg_1331,node49,node8,228,24129,24130,,1.0,2,1.0,0.999244142101285,,49,,1.0,0,0.999244142101285,49,49,50,49
msg_1332,node49,node9,228,24129,24130,,1.0,2,1.0,0.999244142101285,,49,,1.0,0,0.999244142101285,49,49,50,49
msg_1333,node49,node10,229,24129,24130,,1.0,2,1.0,0.999244142101285,,49,,1.0,0,0.999244142101285,49,49,50,49
msg_1334,node49,node11,229,24129,24130,,1.0,2,1.0,0.999244142101285,,49,,1.0,0,0.999244142101285,49,49,50,49
msg_1335,node49,node12,229,24129,24130,,1.0,2,1.0,0.999244142101285,,49,,1.0,0,0.999244142101285,49,49,50,49
msg_1336,node49,node13,229,24129,24130,,1.0,2,1.0,0.999244142101285,,49,,1.0,0,0.999244142101285,49,49,50,49
msg_1337,node49,node14,229,24129,24130,,1.0,2,1.0,0.999244142101285,,49,,1.0,0,0.999244142101285,49,49,50,49
msg_1338,node49,node15,229,24129,24130,,1.0,2,1.0,0.999244142101285,,49,,1.0,0,0.999244142101285,49,49,50,49
msg_1339,node49,node16,229,24129,24130,,1.0,2,1.0,0.999244142101285,,49,,1.0,0,0.999244142101285,49,49,50,49
msg_1340,node49,node17,229,24129,24130,,1.0,2,1.0,0.999244142101285,,49,,1.0,0,0.999244142101285,49,49,50,49
msg_1341,node49,node18,229,24129,24130,,1.0,2,1.0,0.999244142101285,,49,,1.0,0,0.999244142101285,49,49,50,49
msg_1342,node49,node19,229,24129,24130,,1.0,2,1.0,0.999244142101285,,49,,1.0,0,0.999244142101285,49,49,50,49
msg_1343,node49,node20,229,24129,24130,,1.0,2,1.0,0.999244142101285,,49,,1.0,0,0.999244142101285,49,49,50,49
msg_1344,node49,node21,229,24129,24130,,1.0,2,1.0,0.999244142101285,,49,,1.0,0,0.999244142101285,49,49,50,49
msg_1345,node49,node22,229,24129,24130,,1.0,2,1.0,0.999244142101285,,49,,1.0,0,0.999244142101285,49,49,50,49
msg_1346,node49,node23,229,24129,24130,,1.0,2,1.0,0.999244142101285,,49,,1.0,0,0.999244142101285,49,49,50,49
msg_1347,node49,node24,229,24129,24130,,1.0,2,1.0,0.999244142101285,,49,,1.0,0,0.999244142101285,49,49,50,49
msg_1348,node49,node25,229,24129,24130,,1.0,2,1.0,0.999244142101285,,49,,1.0,0,0.999244142101285,49,49,50,49
msg_1349,node49,node26,229,24129,24130,,1.0,2,1.0,0.999244142101285,,49,,1.0,0,0.999244142101285,49,49,50,49
msg_1350,node49,node27,229,24129,24130,,1.0,2,1.0,0.999244142101285,,49,,1.0,0,0.999244142101285,49,49,50,49
msg_1351,node49,node28,229,24129,24130,,1.0,2,1.0,0.999244142101285,,49,,1.0,0,0.999244142101285,49,49,50,49
msg_1352,node49,node29,229,24129,24130,,1.0,2,1.0,0.999244142101285,,49,,1.0,0,0.999244142101285,49,49,50,49
msg_1353,node49,node30,229,24129,24130,,1.0,2,1.0,0.999244142101285,,49,,1.0,0,0.999244142101285,49,49,50,49
msg_1354,node49,node31,229,24129,24130,,1.0,2,1.0,0.999244142101285,,49,,1.0,0,0.999244142101285,49,49,50,49
msg_1355,node49,node32,229,24129,24130,,1.0,2,1.0,0.999244142101285,,49,,1.0,0,0.999244142101285,49,49,50,49
msg_1356,node49,node33,229,24129,24130,,1.0,2,1.0,0.999244142101285,,49,,1.0,0,0.999244142101285,49,49,50,49
msg_1357,node49,node34,229,24129,24130,,1.0,2,1.0,0.999244142101285,,49,,1.0,0,0.999244142101285,49,49,50,49
msg_1358,node49,node35,229,24129,24130,,1.0,2,1.0,0.999244142101285,,49,,1.0,0,0.999244142101285,49,49,50,49
msg_1359,node49,node36,229,24129,24130,,1.0,2,1.0,0.999244142101285,,49,,1.0,0,0.999244142101285,49,49,50,49
msg_1360,node49,node37,229,24129,24130,,1.0,2,1.0,0.999244142101285,,49,,1.0,0,0.999244142101285,49,49,50,49
msg_1361,node49,node38,229,24129,24130,,1.0,2,1.0,0.999244142101285,,49,,1.0,0,0.999244142101285,49,49,50,49
msg_1362,node49,node39,229,24129,24130,,1.0,2,1.0,0.999244142101285,,49,,1.0,0,0.999244142101285,49,49,50,49
msg_1363,node49,node40,229,24129,24130,,1.0,2,1.0,0.999244142101285,,49,,1.0,0,0.999244142101285,49,49,50,49
msg_1364,node49,node41,229,24129,24130,,1.0,2,1.0,0.999244142101285,,49,,1.0,0,0.999244142101285,49,49,50,49
msg_1365,node49,node42,229,24129,24130,,1.0,2,1.0,0.999244142101285,,49,,1.0,0,0.999244142101285,49,49,50,49
msg_1366,node49,node43,229,24129,24130,,1.0,2,1.0,0.999244142101285,,49,,1.0,0,0.999244142101285,49,49,50,49
msg_1367,node49,node44,229,24129,24130,,1.0,2,1.0,0.999244142101285,,49,,1.0,0,0.999244142101285,49,49,50,49
msg_1368,node49,node45,229,24129,24130,,1.0,2,1.0,0.999244142101285,,49,,1.0,0,0.999244142101285,49,49,50,49
msg_1369,node49,node46,229,24129,24130,,1.0,2,1.0,0.999244142101285,,49,,1.0,0,0.999244142101285,49,49,50,49
msg_1370,node49,node47,229,24129,24130,,1.0,2,1.0,0.999244142101285,,49,,1.0,0,0.999244142101285,49,49,50,49
msg_1371,node49,node48,229,24129,24130,,1.0,2,1.0,0.999244142101285,,49,,1.0,0,0.999244142101285,49,49,50,49
msg_1372,node49,node0,228,24705,24706,,1.0,2,1.0,0.999271137026239,,49,,0.9642857142857143,0,0.999271137026239,49,49,50,49
msg_1373,node49,node1,228,24705,24706,,1.0,2,1.0,0.999271137026239,,49,,1.0,0,0.999271137026239,49,49,50,49
msg_1374,node49,node2,228,24705,24706,,1.0,2,1.0,0.999271137026239,,49,,1.0,0,0.999271137026239,49,49,50,49
msg_1375,node49,node3,228,24705,24706,,1.0,2,1.0,0.999271137026239,,49,,1.0,0,0.999271137026239,49,49,50,49
msg_1376,node49,node4,228,24705,24706,,1.0,2,1.0,0.999271137026239,,49,,1.0,0,0.999271137026239,49,49,50,49
msg_1377,node49,node5,228,24705,24706,,1.0,2,1.0,0.999271137026239,,49,,1.0,0,0.999271137026239,49,49,50,49
msg_1378,node49,node6,228,24705,24706,,1.0,2,1.0,0.999271137026239,,49,,1.0,0,0.999271137026239,49,49,50,49
msg_1379,node49,node7,228,24705,24706,,1.0,2,1.0,0.999271137026239,,49,,1.0,0,0.999271137026239,49,49,50,49
msg_1380,node49,node8,228,24705,24706,,1.0,2,1.0,0.999271137026239,,49,,1.0,0,0.999271137026239,49,49,50,49
msg_1381,node49,node9,228,24705,24706,,1.0,2,1.0,0.999271137026239,,49,,1.0,0,0.999271137026239,49,49,50,49
msg_1382,node49,node10,229,24705,24706,,1.0,2,1.0,0.999271137026239,,49,,1.0,0,0.999271137026239,49,49,50,49
msg_1383,node49,node11,229,24705,24706,,1.0,2,1.0,0.999271137026239,,49,,1.0,0,0.999271137026239,49,49,50,49
msg_1384,node49,node12,229,24705,24706,,1.0,2,1.0,0.999271137026239,,49,,1.0,0,0.999271137026239,49,49,50,49
msg_1385,node49,node13,229,24705,24706,,1.0,2,1.0,0.999271137026239,,49,,1.0,0,0.999271137026239,49,49,50,49
msg_1386,node49,node14,229,24705,24706,,1.0,2,1.0,0.999271137026239,,49,,1.0,0,0.999271137026239,49,49,50,49
msg_1387,node49,node15,229,24705,24706,,1.0,2,1.0,0.999271137026239,,49,,1.0,0,0.999271137026239,49,49,50,49
msg_1388,node49,node16,229,24705,24706,,1.0,2,1.0,0.999271137026239,,49,,1.0,0,0.999271137026239,49,49,50,49
msg_1389,node49,node17,229,24705,24706,,1.0,2,1.0,0.999271137026239,,49,,1.0,0,0.999271137026239,49,49,50,49
msg_1390,node49,node18,229,24705,24706,,1.0,2,1.0,0.999271137026239,,49,,1.0,0,0.999271137026239,49,49,50,49
msg_1391,node49,node19,229,24705,24706,,1.0,2,1.0,0.999271137026239,,49,,1.0,0,0.999271137026239,49,49,50,49
msg_1392,node49,node20,229,24705,24706,,1.0,2,1.0,0.999271137026239,,49,,1.0,0,0.999271137026239,49,49,50,49
msg_1393,node49,node21,229,24705,24706,,1.0,2,1.0,0.999271137026239,,49,,1.0,0,0.999271137026239,49,49,50,49
msg_1394,node49,node22,229,24705,24706,,1.0,2,1.0,0.999271137026239,,49,,1.0,0,0.999271137026239,49,49,50,49
msg_1395,node49,node23,229,24705,24706,,1.0,2,1.0,0.999271137026239,,49,,1.0,0,0.999271137026239,49,49,50,49
msg_1396,node49,node24,229,24705,24706,,1.0,2,1.0,0.999271137026239,,49,,1.0,0,0.999271137026239,49,49,50,49
msg_1397,node49,node25,229,24705,24706,,1.0,2,1.0,0.999271137026239,,49,,1.0,0,0.999271137026239,49,49,50,49
msg_1398,node49,node26,229,24705,24706,,1.0,2,1.0,0.999271137026239,,49,,1.0,0,0.999271137026239,49,49,50,49
msg_1399,node49,node27,229,24705,24706,,1.0,2,1.0,0.999271137026239,,49,,1.0,0,0.999271137026239,49,49,50,49
msg_1400,node49,node28,229,24705,24706,,1.0,2,1.0,0.999271137026239,,49,,1.0,0,0.999271137026239,49,49,50,49
msg_1401,node49,node29,229,24705,24706,,1.0,2,1.0,0.999271137026239,,49,,1.0,0,0.999271137026239,49,49,50,49
msg_1402,node49,node30,229,24705,24706,,1.0,2,1.0,0.999271137026239,,49,,1.0,0,0.999271137026239,49,49,50,49
msg_1403,node49,node31,229,24705,24706,,1.0,2,1.0,0.999271137026239,,49,,1.0,0,0.999271137026239,49,49,50,49
msg_1404,node49,node32,229,24705,24706,,1.0,2,1.0,0.999271137026239,,49,,1.0,0,0.999271137026239,49,49,50,49
msg_1405,node49,node33,229,24705,24706,,1.0,2,1.0,0.999271137026239,,49,,1.0,0,0.999271137026239,49,49,50,49
msg_1406,node49,node34,229,24705,24706,,1.0,2,1.0,0.999271137026239,,49,,1.0,0,0.999271137026239,49,49,50,49
msg_1407,node49,node35,229,24705,24706,,1.0,2,1.0,0.999271137026239,,49,,1.0,0,0.999271137026239,49,49,50,49
msg_1408,node49,node36,229,24705,24706,,1.0,2,1.0,0.999271137026239,,49,,1.0,0,0.999271137026239,49,49,50,49
msg_1409,node49,node37,229,24705,24706,,1.0,2,1.0,0.999271137026239,,49,,1.0,0,0.999271137026239,49,49,50,49
msg_1410,node49,node38,229,24705,24706,,1.0,2,1.0,0.999271137026239,,49,,1.0,0,0.999271137026239,49,49,50,49
msg_1411,node49,node39,229,24705,24706,,1.0,2,1.0,0.999271137026239,,49,,1.0,0,0.999271137026239,49,49,50,49
msg_1412,node49,node40,229,24705,24706,,1.0,2,1.0,0.999271137026239,,49,,1.0,0,0.999271137026239,49,49,50,49
msg_1413,node49,node41,229,24705,24706,,1.0,2,1.0,0.999271137026239,,49,,1.0,0,0.999271137026239,49,49,50,49
msg_1414,node49,node42,229,24705,24706,,1.0,2,1.0,0.999271137026239,,49,,1.0,0,0.999271137026239,49,49,50,49
msg_1415,node49,node43,229,24705,24706,,1.0,2,1.0,0.999271137026239,,49,,1.0,0,0.999271137026239,49,49,50,49
msg_1416,node49,node44,229,24705,24706,,1.0,2,1.0,0.999271137026239,,49,,1.0,0,0.999271137026239,49,49,50,49
msg_1417,node49,node45,229,24705,24706,,1.0,2,1.0,0.999271137026239,,49,,1.0,0,0.999271137026239,49,49,50,49
msg_1418,node49,node46,229,24705,24706,,1.0,2,1.0,0.999271137026239,,49,,1.0,0,0.999271137026239,49,49,50,49
msg_1419,node49,node47,229,24705,24706,,1.0,2,1.0,0.999271137026239,,49,,1.0,0,0.999271137026239,49,49,50,49
msg_1420,node49,node48,229,24705,24706,,1.0,2,1.0,0.999271137026239,,49,,1.0,0,0.999271137026239,49,49,50,49
msg_1421,node49,node0,228,25390,25391,,1.0,2,1.0,0.9992962702322308,,49,,0.9655172413793104,0,0.9992962702322308,49,49,50,49
msg_1422,node49,node1,228,25390,25391,,1.0,2,1.0,0.9992962702322308,,49,,1.0,0,0.9992962702322308,49,49,50,49
msg_1423,node49,node2,228,25390,25391,,1.0,2,1.0,0.9992962702322308,,49,,1.0,0,0.9992962702322308,49,49,50,49
msg_1424,node49,node3,228,25390,25391,,1.0,2,1.0,0.9992962702322308,,49,,1.0,0,0.9992962702322308,49,49,50,49
msg_1425,node49,node4,228,25390,25391,,1.0,2,1.0,0.9992962702322308,,49,,1.0,0,0.9992962702322308,49,49,50,49
msg_1426,node49,node5,228,25390,25391,,1.0,2,1.0,0.9992962702322308,,49,,1.0,0,0.9992962702322308,49,49,50,49
msg_1427,node49,node6,228,25390,25391,,1.0,2,1.0,0.9992962702322308,,49,,1.0,0,0.9992962702322308,49,49,50,49
msg_1428,node49,node7,228,25390,25391,,1.0,2,1.0,0.9992962702322308,,49,,1.0,0,0.9992962702322308,49,49,50,49
msg_1429,node49,node8,228,25390,25391,,1.0,2,1.0,0.9992962702322308,,49,,1.0,0,0.9992962702322308,49,49,50,49
msg_1430,node49,node9,228,25390,25391,,1.0,2,1.0,0.9992962702322308,,49,,1.0,0,0.9992962702322308,49,49,50,49
msg_1431,node49,node10,229,25390,25391,,1.0,2,1.0,0.9992962702322308,,49,,1.0,0,0.9992962702322308,49,49,50,49
msg_1432,node49,node11,229,25390,25391,,1.0,2,1.0,0.9992962702322308,,49,,1.0,0,0.9992962702322308,49,49,50,49
msg_1433,node49,node12,229,25390,25391,,1.0,2,1.0,0.9992962702322308,,49,,1.0,0,0.9992962702322308,49,49,50,49
msg_1434,node49,node13,229,25390,25391,,1.0,2,1.0,0.9992962702322308,,49,,1.0,0,0.9992962702322308,49,49,50,49
msg_1435,node49,node14,229,25390,25391,,1.0,2,1.0,0.9992962702322308,,49,,1.0,0,0.9992962702322308,49,49,50,49
msg_1436,node49,node15,229,25390,25391,,1.0,2,1.0,0.9992962702322308,,49,,1.0,0,0.9992962702322308,49,49,50,49
msg_1437,node49,node16,229,25390,25391,,1.0,2,1.0,0.9992962702322308,,49,,1.0,0,0.9992962702322308,49,49,50,49
msg_1438,node49,node17,229,25390,25391,,1.0,2,1.0,0.9992962702322308,,49,,1.0,0,0.9992962702322308,49,49,50,49
msg_1439,node49,node18,229,25390,25391,,1.0,2,1.0,0.9992962702322308,,49,,1.0,0,0.9992962702322308,49,49,50,49
msg_1440,node49,node19,229,25390,25391,,1.0,2,1.0,0.9992962702322308,,49,,1.0,0,0.9992962702322308,49,49,50,49
msg_1441,node49,node20,229,25390,25391,,1.0,2,1.0,0.9992962702322308,,49,,1.0,0,0.9992962702322308,49,49,50,49
msg_1442,node49,node21,229,25390,25391,,1.0,2,1.0,0.9992962702322308,,49,,1.0,0,0.9992962702322308,49,49,50,49
msg_1443,node49,node22,229,25390,25391,,1.0,2,1.0,0.9992962702322308,,49,,1.0,0,0.9992962702322308,49,49,50,49
msg_1444,node49,node23,229,25390,25391,,1.0,2,1.0,0.9992962702322308,,49,,1.0,0,0.9992962702322308,49,49,50,49
msg_1445,node49,node24,229,25390,25391,,1.0,2,1.0,0.9992962702322308,,49,,1.0,0,0.9992962702322308,49,49,50,49
msg_1446,node49,node25,229,25390,25391,,1.0,2,1.0,0.9992962702322308,,49,,1.0,0,0.9992962702322308,49,49,50,49
msg_1447,node49,node26,229,25390,25391,,1.0,2,1.0,0.9992962702322308,,49,,1.0,0,0.9992962702322308,49,49,50,49
msg_1448,node49,node27,229,25390,25391,,1.0,2,1.0,0.9992962702322308,,49,,1.0,0,0.9992962702322308,49,49,50,49
msg_1449,node49,node28,229,25390,25391,,1.0,2,1.0,0.9992962702322308,,49,,1.0,0,0.9992962702322308,49,49,50,49
msg_1450,node49,node29,229,25390,25391,,1.0,2,1.0,0.9992962702322308,,49,,1.0,0,0.9992962702322308,49,49,50,49
msg_1451,node49,node30,229,25390,25391,,1.0,2,1.0,0.9992962702322308,,49,,1.0,0,0.9992962702322308,49,49,50,49
msg_1452,node49,node31,229,25390,25391,,1.0,2,1.0,0.9992962702322308,,49,,1.0,0,0.9992962702322308,49,49,50,49
msg_1453,node49,node32,229,25390,25391,,1.0,2,1.0,0.9992962702322308,,49,,1.0,0,0.9992962702322308,49,49,50,49
msg_1454,node49,node33,229,25390,25391,,1.0,2,1.0,0.9992962702322308,,49,,1.0,0,0.9992962702322308,49,49,50,49
msg_1455,node49,node34,229,25390,25391,,1.0,2,1.0,0.9992962702322308,,49,,1.0,0,0.9992962702322308,49,49,50,49
msg_1456,node49,node35,229,25390,25391,,1.0,2,1.0,0.9992962702322308,,49,,1.0,0,0.9992962702322308,49,49,50,49
msg_1457,node49,node36,229,25390,25391,,1.0,2,1.0,0.9992962702322308,,49,,1.0,0,0.9992962702322308,49,49,50,49
msg_1458,node49,node37,229,25390,25391,,1.0,2,1.0,0.9992962702322308,,49,,1.0,0,0.9992962702322308,49,49,50,49
msg_1459,node49,node38,229,25390,25391,,1.0,2,1.0,0.9992962702322308,,49,,1.0,0,0.9992962702322308,49,49,50,49
msg_1460,node49,node39,229,25390,25391,,1.0,2,1.0,0.9992962702322308,,49,,1.0,0,0.9992962702322308,49,49,50,49
msg_1461,node49,node40,229,25390,25391,,1.0,2,1.0,0.9992962702322308,,49,,1.0,0,0.9992962702322308,49,49,50,49
msg_1462,node49,node41,229,25390,25391,,1.0,2,1.0,0.9992962702322308,,49,,1.0,0,0.9992962702322308,49,49,50,49
msg_1463,node49,node42,229,25390,25391,,1.0,2,1.0,0.9992962702322308,,49,,1.0,0,0.9992962702322308,49,49,50,49
msg_1464,node49,node43,229,25390,25391,,1.0,2,1.0,0.9992962702322308,,49,,1.0,0,0.9992962702322308,49,49,50,49
msg_1465,node49,node44,229,25390,25391,,1.0,2,1.0,0.9992962702322308,,49,,1.0,0,0.9992962702322308,49,49,50,49
msg_1466,node49,node45,229,25390,25391,,1.0,2,1.0,0.9992962702322308,,49,,1.0,0,0.9992962702322308,49,49,50,49
msg_1467,node49,node46,229,25390,25391,,1.0,2,1.0,0.9992962702322308,,49,,1.0,0,0.9992962702322308,49,49,50,49
msg_1468,node49,node47,229,25390,25391,,1.0,2,1.0,0.9992962702322308,,49,,1.0,0,0.9992962702322308,49,49,50,49
msg_1469,node49,node48,229,25390,25391,,1.0,2,1.0,0.9992962702322308,,49,,1.0,0,0.9992962702322308,49,49,50,49
msg_1470,node49,node0,228,25655,25656,,1.0,2,1.0,0.9993197278911564,,49,,0.9666666666666667,0,0.9993197278911564,49,49,50,49
msg_1471,node49,node1,228,25655,25656,,1.0,2,1.0,0.9993197278911564,,49,,1.0,0,0.9993197278911564,49,49,50,49
msg_1472,node49,node2,228,25655,25656,,1.0,2,1.0,0.9993197278911564,,49,,1.0,0,0.9993197278911564,49,49,50,49
msg_1473,node49,node3,228,25655,25656,,1.0,2,1.0,0.9993197278911564,,49,,1.0,0,0.9993197278911564,49,49,50,49
msg_1474,node49,node4,228,25655,25656,,1.0,2,1.0,0.9993197278911564,,49,,1.0,0,0.9993197278911564,49,49,50,49
msg_1475,node49,node5,228,25655,25656,,1.0,2,1.0,0.9993197278911564,,49,,1.0,0,0.9993197278911564,49,49,50,49
msg_1476,node49,node6,228,25655,25656,,1.0,2,1.0,0.9993197278911564,,49,,1.0,0,0.9993197278911564,49,49,50,49
msg_1477,node49,node7,228,25655,25656,,1.0,2,1.0,0.9993197278911564,,49,,1.0,0,0.9993197278911564,49,49,50,49
msg_1478,node49,node8,228,25655,25656,,1.0,2,1.0,0.9993197278911564,,49,,1.0,0,0.9993197278911564,49,49,50,49
msg_1479,node49,node9,228,25655,25656,,1.0,2,1.0,0.9993197278911564,,49,,1.0,0,0.9993197278911564,49,49,50,49
msg_1480,node49,node10,229,25655,25656,,1.0,2,1.0,0.9993197278911564,,49,,1.0,0,0.9993197278911564,49,49,50,49
msg_1481,node49,node11,229,25655,25656,,1.0,2,1.0,0.9993197278911564,,49,,1.0,0,0.9993197278911564,49,49,50,49
msg_1482,node49,node12,229,25655,25656,,1.0,2,1.0,0.9993197278911564,,49,,1.0,0,0.9993197278911564,49,49,50,49
msg_1483,node49,node13,229,25655,25656,,1.0,2,1.0,0.9993197278911564,,49,,1.0,0,0.9993197278911564,49,49,50,49
msg_1484,node49,node14,229,25655,25656,,1.0,2,1.0,0.9993197278911564,,49,,1.0,0,0.9993197278911564,49,49,50,49
msg_1485,node49,node15,229,25655,25656,,1.0,2,1.0,0.9993197278911564,,49,,1.0,0,0.9993197278911564,49,49,50,49
msg_1486,node49,node16,229,25655,25656,,1.0,2,1.0,0.9993197278911564,,49,,1.0,0,0.9993197278911564,49,49,50,49
msg_1487,node49,node17,229,25655,25656,,1.0,2,1.0,0.9993197278911564,,49,,1.0,0,0.9993197278911564,49,49,50,49
msg_1488,node49,node18,229,25655,25656,,1.0,2,1.0,0.9993197278911564,,49,,1.0,0,0.9993197278911564,49,49,50,49
msg_1489,node49,node19,229,25655,25656,,1.0,2,1.0,0.9993197278911564,,49,,1.0,0,0.9993197278911564,49,49,50,49
msg_1490,node49,node20,229,25655,25656,,1.0,2,1.0,0.9993197278911564,,49,,1.0,0,0.9993197278911564,49,49,50,49
msg_1491,node49,node21,229,25655,25656,,1.0,2,1.0,0.9993197278911564,,49,,1.0,0,0.9993197278911564,49,49,50,49
msg_1492,node49,node22,229,25655,25656,,1.0,2,1.0,0.9993197278911564,,49,,1.0,0,0.9993197278911564,49,49,50,49
msg_1493,node49,node23,229,25655,25656,,1.0,2,1.0,0.9993197278911564,,49,,1.0,0,0.9993197278911564,49,49,50,49
msg_1494,node49,node24,229,25655,25656,,1.0,2,1.0,0.9993197278911564,,49,,1.0,0,0.9993197278911564,49,49,50,49
msg_1495,node49,node25,229,25655,25656,,1.0,2,1.0,0.9993197278911564,,49,,1.0,0,0.9993197278911564,49,49,50,49
msg_1496,node49,node26,229,25655,25656,,1.0,2,1.0,0.9993197278911564,,49,,1.0,0,0.9993197278911564,49,49,50,49
msg_1497,node49,node27,229,25655,25656,,1.0,2,1.0,0.9993197278911564,,49,,1.0,0,0.9993197278911564,49,49,50,49
msg_1498,node49,node28,229,25655,25656,,1.0,2,1.0,0.9993197278911564,,49,,1.0,0,0.9993197278911564,49,49,50,49
msg_1499,node49,node29,229,25655,25656,,1.0,2,1.0,0.9993197278911564,,49,,1.0,0,0.9993197278911564,49,49,50,49
msg_1500,node49,node30,229,25655,25656,,1.0,2,1.0,0.9993197278911564,,49,,1.0,0,0.9993197278911564,49,49,50,49
msg_1501,node49,node31,229,25655,25656,,1.0,2,1.0,0.9993197278911564,,49,,1.0,0,0.9993197278911564,49,49,50,49
msg_1502,node49,node32,229,25655,25656,,1.0,2,1.0,0.9993197278911564,,49,,1.0,0,0.9993197278911564,49,49,50,49
msg_1503,node49,node33,229,25655,25656,,1.0,2,1.0,0.9993197278911564,,49,,1.0,0,0.9993197278911564,49,49,50,49
msg_1504,node49,node34,229,25655,25656,,1.0,2,1.0,0.9993197278911564,,49,,1.0,0,0.9993197278911564,49,49,50,49
msg_1505,node49,node35,229,25655,25656,,1.0,2,1.0,0.9993197278911564,,49,,1.0,0,0.9993197278911564,49,49,50,49
msg_1506,node49,node36,229,25655,25656,,1.0,2,1.0,0.9993197278911564,,49,,1.0,0,0.9993197278911564,49,49,50,49
msg_1507,node49,node37,229,25655,25656,,1.0,2,1.0,0.9993197278911564,,49,,1.0,0,0.9993197278911564,49,49,50,49
msg_1508,node49,node38,229,25655,25656,,1.0,2,1.0,0.9993197278911564,,49,,1.0,0,0.9993197278911564,49,49,50,49
msg_1509,node49,node39,229,25655,25656,,1.0,2,1.0,0.9993197278911564,,49,,1.0,0,0.9993197278911564,49,49,50,49
msg_1510,node49,node40,229,25655,25656,,1.0,2,1.0,0.9993197278911564,,49,,1.0,0,0.9993197278911564,49,49,50,49
msg_1511,node49,node41,229,25655,25656,,1.0,2,1.0,0.9993197278911564,,49,,1.0,0,0.9993197278911564,49,49,50,49
msg_1512,node49,node42,229,25655,25656,,1.0,2,1.0,0.9993197278911564,,49,,1.0,0,0.9993197278911564,49,49,50,49
msg_1513,node49,node43,229,25655,25656,,1.0,2,1.0,0.9993197278911564,,49,,1.0,0,0.9993197278911564,49,49,50,49
msg_1514,node49,node44,229,25655,25656,,1.0,2,1.0,0.9993197278911564,,49,,1.0,0,0.9993197278911564,49,49,50,49
msg_1515,node49,node45,229,25655,25656,,1.0,2,1.0,0.9993197278911564,,49,,1.0,0,0.9993197278911564,49,49,50,49
msg_1516,node49,node46,229,25655,25656,,1.0,2,1.0,0.9993197278911564,,49,,1.0,0,0.9993197278911564,49,49,50,49
msg_1517,node49,node47,229,25655,25656,,1.0,2,1.0,0.9993197278911564,,49,,1.0,0,0.9993197278911564,49,49,50,49
msg_1518,node49,node48,229,25655,25656,,1.0,2,1.0,0.9993197278911564,,49,,1.0,0,0.9993197278911564,49,49,50,49
msg_1519,node49,node0,228,25919,25920,,1.0,2,1.0,0.9993416721527321,,49,,0.967741935483871,0,0.9993416721527321,49,49,50,49
msg_1520,node49,node1,228,25919,25920,,1.0,2,1.0,0.9993416721527321,,49,,1.0,0,0.9993416721527321,49,49,50,49
msg_1521,node49,node2,228,25919,25920,,1.0,2,1.0,0.9993416721527321,,49,,1.0,0,0.9993416721527321,49,49,50,49
msg_1522,node49,node3,228,25919,25920,,1.0,2,1.0,0.9993416721527321,,49,,1.0,0,0.9993416721527321,49,49,50,49
msg_1523,node49,node4,228,25919,25920,,1.0,2,1.0,0.9993416721527321,,49,,1.0,0,0.9993416721527321,49,49,50,49
msg_1524,node49,node5,228,25919,25920,,1.0,2,1.0,0.9993416721527321,,49,,1.0,0,0.9993416721527321,49,49,50,49
msg_1525,node49,node6,228,25919,25920,,1.0,2,1.0,0.9993416721527321,,49,,1.0,0,0.9993416721527321,49,49,50,49
msg_1526,node49,node7,228,25919,25920,,1.0,2,1.0,0.9993416721527321,,49,,1.0,0,0.9993416721527321,49,49,50,49
msg_1527,node49,node8,228,25919,25920,,1.0,2,1.0,0.9993416721527321,,49,,1.0,0,0.9993416721527321,49,49,50,49
msg_1528,node49,node9,228,25919,25920,,1.0,2,1.0,0.9993416721527321,,49,,1.0,0,0.9993416721527321,49,49,50,49
msg_1529,node49,node10,229,25919,25920,,1.0,2,1.0,0.9993416721527321,,49,,1.0,0,0.9993416721527321,49,49,50,49
msg_1530,node49,node11,229,25919,25920,,1.0,2,1.0,0.9993416721527321,,49,,1.0,0,0.9993416721527321,49,49,50,49
msg_1531,node49,node12,229,25919,25920,,1.0,2,1.0,0.9993416721527321,,49,,1.0,0,0.9993416721527321,49,49,50,49
msg_1532,node49,node13,229,25919,25920,,1.0,2,1.0,0.9993416721527321,,49,,1.0,0,0.9993416721527321,49,49,50,49
msg_1533,node49,node14,229,25919,25920,,1.0,2,1.0,0.9993416721527321,,49,,1.0,0,0.9993416721527321,49,49,50,49
msg_1534,node49,node15,229,25919,25920,,1.0,2,1.0,0.9993416721527321,,49,,1.0,0,0.9993416721527321,49,49,50,49
msg_1535,node49,node16,229,25919,25920,,1.0,2,1.0,0.9993416721527321,,49,,1.0,0,0.9993416721527321,49,49,50,49
msg_1536,node49,node17,229,25919,25920,,1.0,2,1.0,0.9993416721527321,,49,,1.0,0,0.9993416721527321,49,49,50,49
msg_1537,node49,node18,229,25919,25920,,1.0,2,1.0,0.9993416721527321,,49,,1.0,0,0.9993416721527321,49,49,50,49
msg_1538,node49,node19,229,25919,25920,,1.0,2,1.0,0.9993416721527321,,49,,1.0,0,0.9993416721527321,49,49,50,49
msg_1539,node49,node20,229,25919,25920,,1.0,2,1.0,0.9993416721527321,,49,,1.0,0,0.9993416721527321,49,49,50,49
msg_1540,node49,node21,229,25919,25920,,1.0,2,1.0,0.9993416721527321,,49,,1.0,0,0.9993416721527321,49,49,50,49
msg_1541,node49,node22,229,25919,25920,,1.0,2,1.0,0.9993416721527321,,49,,1.0,0,0.9993416721527321,49,49,50,49
msg_1542,node49,node23,229,25919,25920,,1.0,2,1.0,0.9993416721527321,,49,,1.0,0,0.9993416721527321,49,49,50,49
msg_1543,node49,node24,229,25919,25920,,1.0,2,1.0,0.9993416721527321,,49,,1.0,0,0.9993416721527321,49,49,50,49
msg_1544,node49,node25,229,25919,25920,,1.0,2,1.0,0.9993416721527321,,49,,1.0,0,0.9993416721527321,49,49,50,49
msg_1545,node49,node26,229,25919,25920,,1.0,2,1.0,0.9993416721527321,,49,,1.0,0,0.9993416721527321,49,49,50,49
msg_1546,node49,node27,229,25919,25920,,1.0,2,1.0,0.9993416721527321,,49,,1.0,0,0.9993416721527321,49,49,50,49
msg_1547,node49,node28,229,25919,25920,,1.0,2,1.0,0.9993416721527321,,49,,1.0,0,0.9993416721527321,49,49,50,49
msg_1548,node49,node29,229,25919,25920,,1.0,2,1.0,0.9993416721527321,,49,,1.0,0,0.9993416721527321,49,49,50,49
msg_1549,node49,node30,229,25919,25920,,1.0,2,1.0,0.9993416721527321,,49,,1.0,0,0.9993416721527321,49,49,50,49
msg_1550,node49,node31,229,25919,25920,,1.0,2,1.0,0.9993416721527321,,49,,1.0,0,0.9993416721527321,49,49,50,49
msg_1551,node49,node32,229,25919,25920,,1.0,2,1.0,0.9993416721527321,,49,,1.0,0,0.9993416721527321,49,49,50,49
msg_1552,node49,node33,229,25919,25920,,1.0,2,1.0,0.9993416721527321,,49,,1.0,0,0.9993416721527321,49,49,50,49
msg_1553,node49,node34,229,25919,25920,,1.0,2,1.0,0.9993416721527321,,49,,1.0,0,0.9993416721527321,49,49,50,49
msg_1554,node49,node35,229,25919,25920,,1.0,2,1.0,0.9993416721527321,,49,,1.0,0,0.9993416721527321,49,49,50,49
msg_1555,node49,node36,229,25919,25920,,1.0,2,1.0,0.9993416721527321,,49,,1.0,0,0.9993416721527321,49,49,50,49
msg_1556,node49,node37,229,25919,25920,,1.0,2,1.0,0.9993416721527321,,49,,1.0,0,0.9993416721527321,49,49,50,49
msg_1557,node49,node38,229,25919,25920,,1.0,2,1.0,0.9993416721527321,,49,,1.0,0,0.9993416721527321,49,49,50,49
msg_1558,node49,node39,229,25919,25920,,1.0,2,1.0,0.9993416721527321,,49,,1.0,0,0.9993416721527321,49,49,50,49
msg_1559,node49,node40,229,25919,25920,,1.0,2,1.0,0.9993416721527321,,49,,1.0,0,0.9993416721527321,49,49,50,49
msg_1560,node49,node41,229,25919,25920,,1.0,2,1.0,0.9993416721527321,,49,,1.0,0,0.9993416721527321,49,49,50,49
msg_1561,node49,node42,229,25919,25920,,1.0,2,1.0,0.9993416721527321,,49,,1.0,0,0.9993416721527321,49,49,50,49
msg_1562,node49,node43,229,25919,25920,,1.0,2,1.0,0.9993416721527321,,49,,1.0,0,0.9993416721527321,49,49,50,49
msg_1563,node49,node44,229,25919,25920,,1.0,2,1.0,0.9993416721527321,,49,,1.0,0,0.9993416721527321,49,49,50,49
msg_1564,node49,node45,229,25919,25920,,1.0,2,1.0,0.9993416721527321,,49,,1.0,0,0.9993416721527321,49,49,50,49
msg_1565,node49,node46,229,25919,25920,,1.0,2,1.0,0.9993416721527321,,49,,1.0,0,0.9993416721527321,49,49,50,49
msg_1566,node49,node47,229,25919,25920,,1.0,2,1.0,0.9993416721527321,,49,,1.0,0,0.9993416721527321,49,49,50,49
msg_1567,node49,node48,229,25919,25920,,1.0,2,1.0,0.9993416721527321,,49,,1.0,0,0.9993416721527321,49,49,50,49
msg_1568,node49,node0,228,26166,26167,,1.0,2,1.0,0.9993622448979592,,49,,0.96875,0,0.9993622448979592,49,49,50,49
msg_1569,node49,node1,228,26166,26167,,1.0,2,1.0,0.9993622448979592,,49,,1.0,0,0.9993622448979592,49,49,50,49
msg_1570,node49,node2,228,26166,26167,,1.0,2,1.0,0.9993622448979592,,49,,1.0,0,0.9993622448979592,49,49,50,49
msg_1571,node49,node3,228,26166,26167,,1.0,2,1.0,0.9993622448979592,,49,,1.0,0,0.9993622448979592,49,49,50,49
msg_1572,node49,node4,228,26166,26167,,1.0,2,1.0,0.9993622448979592,,49,,1.0,0,0.9993622448979592,49,49,50,49
msg_1573,node49,node5,228,26166,26167,,1.0,2,1.0,0.9993622448979592,,49,,1.0,0,0.9993622448979592,49,49,50,49
msg_1574,node49,node6,228,26166,26167,,1.0,2,1.0,0.9993622448979592,,49,,1.0,0,0.9993622448979592,49,49,50,49
msg_1575,node49,node7,228,26166,26167,,1.0,2,1.0,0.9993622448979592,,49,,1.0,0,0.9993622448979592,49,49,50,49
msg_1576,node49,node8,228,26166,26167,,1.0,2,1.0,0.9993622448979592,,49,,1.0,0,0.9993622448979592,49,49,50,49
msg_1577,node49,node9,228,26166,26167,,1.0,2,1.0,0.9993622448979592,,49,,1.0,0,0.9993622448979592,49,49,50,49
msg_1578,node49,node10,229,26166,26167,,1.0,2,1.0,0.9993622448979592,,49,,1.0,0,0.9993622448979592,49,49,50,49
msg_1579,node49,node11,229,26166,26167,,1.0,2,1.0,0.9993622448979592,,49,,1.0,0,0.9993622448979592,49,49,50,49
msg_1580,node49,node12,229,26166,26167,,1.0,2,1.0,0.9993622448979592,,49,,1.0,0,0.9993622448979592,49,49,50,49
msg_1581,node49,node13,229,26166,26167,,1.0,2,1.0,0.9993622448979592,,49,,1.0,0,0.9993622448979592,49,49,50,49
msg_1582,node49,node14,229,26166,26167,,1.0,2,1.0,0.9993622448979592,,49,,1.0,0,0.9993622448979592,49,49,50,49
msg_1583,node49,node15,229,26166,26167,,1.0,2,1.0,0.9993622448979592,,49,,1.0,0,0.9993622448979592,49,49,50,49
msg_1584,node49,node16,229,26166,26167,,1.0,2,1.0,0.9993622448979592,,49,,1.0,0,0.9993622448979592,49,49,50,49
msg_1585,node49,node17,229,26166,26167,,1.0,2,1.0,0.9993622448979592,,49,,1.0,0,0.9993622448979592,49,49,50,49
msg_1586,node49,node18,229,26166,26167,,1.0,2,1.0,0.9993622448979592,,49,,1.0,0,0.9993622448979592,49,49,50,49
msg_1587,node49,node19,229,26166,26167,,1.0,2,1.0,0.9993622448979592,,49,,1.0,0,0.9993622448979592,49,49,50,49
msg_1588,node49,node20,229,26166,26167,,1.0,2,1.0,0.9993622448979592,,49,,1.0,0,0.9993622448979592,49,49,50,49
msg_1589,node49,node21,229,26166,26167,,1.0,2,1.0,0.9993622448979592,,49,,1.0,0,0.9993622448979592,49,49,50,49
msg_1590,node49,node22,229,26166,26167,,1.0,2,1.0,0.9993622448979592,,49,,1.0,0,0.9993622448979592,49,49,50,49
msg_1591,node49,node23,229,26166,26167,,1.0,2,1.0,0.9993622448979592,,49,,1.0,0,0.9993622448979592,49,49,50,49
msg_1592,node49,node24,229,26166,26167,,1.0,2,1.0,0.9993622448979592,,49,,1.0,0,0.9993622448979592,49,49,50,49
msg_1593,node49,node25,229,26166,26167,,1.0,2,1.0,0.9993622448979592,,49,,1.0,0,0.9993622448979592,49,49,50,49
msg_1594,node49,node26,229,26166,26167,,1.0,2,1.0,0.9993622448979592,,49,,1.0,0,0.9993622448979592,49,49,50,49
msg_1595,node49,node27,229,26166,26167,,1.0,2,1.0,0.9993622448979592,,49,,1.0,0,0.9993622448979592,49,49,50,49
msg_1596,node49,node28,229,26166,26167,,1.0,2,1.0,0.9993622448979592,,49,,1.0,0,0.9993622448979592,49,49,50,49
msg_1597,node49,node29,229,26166,26167,,1.0,2,1.0,0.9993622448979592,,49,,1.0,0,0.9993622448979592,49,49,50,49
msg_1598,node49,node30,229,26166,26167,,1.0,2,1.0,0.9993622448979592,,49,,1.0,0,0.9993622448979592,49,49,50,49
msg_1599,node49,node31,229,26166,26167,,1.0,2,1.0,0.9993622448979592,,49,,1.0,0,0.9993622448979592,49,49,50,49
msg_1600,node49,node32,229,26166,26167,,1.0,2,1.0,0.9993622448979592,,49,,1.0,0,0.9993622448979592,49,49,50,49
msg_1601,node49,node33,229,26166,26167,,1.0,2,1.0,0.9993622448979592,,49,,1.0,0,0.9993622448979592,49,49,50,49
msg_1602,node49,node34,229,26166,26167,,1.0,2,1.0,0.9993622448979592,,49,,1.0,0,0.9993622448979592,49,49,50,49
msg_1603,node49,node35,229,26166,26167,,1.0,2,1.0,0.9993622448979592,,49,,1.0,0,0.9993622448979592,49,49,50,49
msg_1604,node49,node36,229,26166,26167,,1.0,2,1.0,0.9993622448979592,,49,,1.0,0,0.9993622448979592,49,49,50,49
msg_1605,node49,node37,229,26166,26167,,1.0,2,1.0,0.9993622448979592,,49,,1.0,0,0.9993622448979592,49,49,50,49
msg_1606,node49,node38,229,26166,26167,,1.0,2,1.0,0.9993622448979592,,49,,1.0,0,0.9993622448979592,49,49,50,49
msg_1607,node49,node39,229,26166,26167,,1.0,2,1.0,0.9993622448979592,,49,,1.0,0,0.9993622448979592,49,49,50,49
msg_1608,node49,node40,229,26166,26167,,1.0,2,1.0,0.9993622448979592,,49,,1.0,0,0.9993622448979592,49,49,50,49
msg_1609,node49,node41,229,26166,26167,,1.0,2,1.0,0.9993622448979592,,49,,1.0,0,0.9993622448979592,49,49,50,49
msg_1610,node49,node42,229,26166,26167,,1.0,2,1.0,0.9993622448979592,,49,,1.0,0,0.9993622448979592,49,49,50,49
msg_1611,node49,node43,229,26166,26167,,1.0,2,1.0,0.9993622448979592,,49,,1.0,0,0.9993622448979592,49,49,50,49
msg_1612,node49,node44,229,26166,26167,,1.0,2,1.0,0.9993622448979592,,49,,1.0,0,0.9993622448979592,49,49,50,49
msg_1613,node49,node45,229,26166,26167,,1.0,2,1.0,0.9993622448979592,,49,,1.0,0,0.9993622448979592,49,49,50,49
msg_1614,node49,node46,229,26166,26167,,1.0,2,1.0,0.9993622448979592,,49,,1.0,0,0.9993622448979592,49,49,50,49
msg_1615,node49,node47,229,26166,26167,,1.0,2,1.0,0.9993622448979592,,49,,1.0,0,0.9993622448979592,49,49,50,49
msg_1616,node49,node48,229,26166,26167,,1.0,2,1.0,0.9993622448979592,,49,,1.0,0,0.9993622448979592,49,49,50,49
msg_1617,node49,node0,228,26780,26781,,1.0,2,1.0,0.9993815708101422,,49,,0.9696969696969697,0,0.9993815708101422,49,49,50,49
msg_1618,node49,node1,228,26780,26781,,1.0,2,1.0,0.9993815708101422,,49,,1.0,0,0.9993815708101422,49,49,50,49
msg_1619,node49,node2,228,26780,26781,,1.0,2,1.0,0.9993815708101422,,49,,1.0,0,0.9993815708101422,49,49,50,49
msg_1620,node49,node3,228,26780,26781,,1.0,2,1.0,0.9993815708101422,,49,,1.0,0,0.9993815708101422,49,49,50,49
msg_1621,node49,node4,228,26780,26781,,1.0,2,1.0,0.9993815708101422,,49,,1.0,0,0.9993815708101422,49,49,50,49
msg_1622,node49,node5,228,26780,26781,,1.0,2,1.0,0.9993815708101422,,49,,1.0,0,0.9993815708101422,49,49,50,49
msg_1623,node49,node6,228,26780,26781,,1.0,2,1.0,0.9993815708101422,,49,,1.0,0,0.9993815708101422,49,49,50,49
msg_1624,node49,node7,228,26780,26781,,1.0,2,1.0,0.9993815708101422,,49,,1.0,0,0.9993815708101422,49,49,50,49
msg_1625,node49,node8,228,26780,26781,,1.0,2,1.0,0.9993815708101422,,49,,1.0,0,0.9993815708101422,49,49,50,49
msg_1626,node49,node9,228,26780,26781,,1.0,2,1.0,0.9993815708101422,,49,,1.0,0,0.9993815708101422,49,49,50,49
msg_1627,node49,node10,229,26780,26781,,1.0,2,1.0,0.9993815708101422,,49,,1.0,0,0.9993815708101422,49,49,50,49
msg_1628,node49,node11,229,26780,26781,,1.0,2,1.0,0.9993815708101422,,49,,1.0,0,0.9993815708101422,49,49,50,49
msg_1629,node49,node12,229,26780,26781,,1.0,2,1.0,0.9993815708101422,,49,,1.0,0,0.9993815708101422,49,49,50,49
msg_1630,node49,node13,229,26780,26781,,1.0,2,1.0,0.9993815708101422,,49,,1.0,0,0.9993815708101422,49,49,50,49
msg_1631,node49,node14,229,26780,26781,,1.0,2,1.0,0.9993815708101422,,49,,1.0,0,0.9993815708101422,49,49,50,49
msg_1632,node49,node15,229,26780,26781,,1.0,2,1.0,0.9993815708101422,,49,,1.0,0,0.9993815708101422,49,49,50,49
msg_1633,node49,node16,229,26780,26781,,1.0,2,1.0,0.9993815708101422,,49,,1.0,0,0.9993815708101422,49,49,50,49
msg_1634,node49,node17,229,26780,26781,,1.0,2,1.0,0.9993815708101422,,49,,1.0,0,0.9993815708101422,49,49,50,49
msg_1635,node49,node18,229,26780,26781,,1.0,2,1.0,0.9993815708101422,,49,,1.0,0,0.9993815708101422,49,49,50,49
msg_1636,node49,node19,229,26780,26781,,1.0,2,1.0,0.9993815708101422,,49,,1.0,0,0.9993815708101422,49,49,50,49
msg_1637,node49,node20,229,26780,26781,,1.0,2,1.0,0.9993815708101422,,49,,1.0,0,0.9993815708101422,49,49,50,49
msg_1638,node49,node21,229,26780,26781,,1.0,2,1.0,0.9993815708101422,,49,,1.0,0,0.9993815708101422,49,49,50,49
msg_1639,node49,node22,229,26780,26781,,1.0,2,1.0,0.9993815708101422,,49,,1.0,0,0.9993815708101422,49,49,50,49
msg_1640,node49,node23,229,26780,26781,,1.0,2,1.0,0.9993815708101422,,49,,1.0,0,0.9993815708101422,49,49,50,49
msg_1641,node49,node24,229,26780,26781,,1.0,2,1.0,0.9993815708101422,,49,,1.0,0,0.9993815708101422,49,49,50,49
msg_1642,node49,node25,229,26780,26781,,1.0,2,1.0,0.9993815708101422,,49,,1.0,0,0.9993815708101422,49,49,50,49
msg_1643,node49,node26,229,26780,26781,,1.0,2,1.0,0.9993815708101422,,49,,1.0,0,0.9993815708101422,49,49,50,49
msg_1644,node49,node27,229,26780,26781,,1.0,2,1.0,0.9993815708101422,,49,,1.0,0,0.9993815708101422,49,49,50,49
msg_1645,node49,node28,229,26780,26781,,1.0,2,1.0,0.9993815708101422,,49,,1.0,0,0.9993815708101422,49,49,50,49
msg_1646,node49,node29,229,26780,26781,,1.0,2,1.0,0.9993815708101422,,49,,1.0,0,0.9993815708101422,49,49,50,49
msg_1647,node49,node30,229,26780,26781,,1.0,2,1.0,0.9993815708101422,,49,,1.0,0,0.9993815708101422,49,49,50,49
msg_1648,node49,node31,229,26780,26781,,1.0,2,1.0,0.9993815708101422,,49,,1.0,0,0.9993815708101422,49,49,50,49
msg_1649,node49,node32,229,26780,26781,,1.0,2,1.0,0.9993815708101422,,49,,1.0,0,0.9993815708101422,49,49,50,49
msg_1650,node49,node33,229,26780,26781,,1.0,2,1.0,0.9993815708101422,,49,,1.0,0,0.9993815708101422,49,49,50,49
msg_1651,node49,node34,229,26780,26781,,1.0,2,1.0,0.9993815708101422,,49,,1.0,0,0.9993815708101422,49,49,50,49
msg_1652,node49,node35,229,26780,26781,,1.0,2,1.0,0.9993815708101422,,49,,1.0,0,0.9993815708101422,49,49,50,49
msg_1653,node49,node36,229,26780,26781,,1.0,2,1.0,0.9993815708101422,,49,,1.0,0,0.9993815708101422,49,49,50,49
msg_1654,node49,node37,229,26780,26781,,1.0,2,1.0,0.9993815708101422,,49,,1.0,0,0.9993815708101422,49,49,50,49
msg_1655,node49,node38,229,26780,26781,,1.0,2,1.0,0.9993815708101422,,49,,1.0,0,0.9993815708101422,49,49,50,49
msg_1656,node49,node39,229,26780,26781,,1.0,2,1.0,0.9993815708101422,,49,,1.0,0,0.9993815708101422,49,49,50,49
msg_1657,node49,node40,229,26780,26781,,1.0,2,1.0,0.9993815708101422,,49,,1.0,0,0.9993815708101422,49,49,50,49
msg_1658,node49,node41,229,26780,26781,,1.0,2,1.0,0.9993815708101422,,49,,1.0,0,0.9993815708101422,49,49,50,49
msg_1659,node49,node42,229,26780,26781,,1.0,2,1.0,0.9993815708101422,,49,,1.0,0,0.9993815708101422,49,49,50,49
msg_1660,node49,node43,229,26780,26781,,1.0,2,1.0,0.9993815708101422,,49,,1.0,0,0.9993815708101422,49,49,50,49
msg_1661,node49,node44,229,26780,26781,,1.0,2,1.0,0.9993815708101422,,49,,1.0,0,0.9993815708101422,49,49,50,49
msg_1662,node49,node45,229,26780,26781,,1.0,2,1.0,0.9993815708101422,,49,,1.0,0,0.9993815708101422,49,49,50,49
msg_1663,node49,node46,229,26780,26781,,1.0,2,1.0,0.9993815708101422,,49,,1.0,0,0.9993815708101422,49,49,50,49
msg_1664,node49,node47,229,26780,26781,,1.0,2,1.0,0.9993815708101422,,49,,1.0,0,0.9993815708101422,49,49,50,49
msg_1665,node49,node48,229,26780,26781,,1.0,2,1.0,0.9993815708101422,,49,,1.0,0,0.9993815708101422,49,49,50,49
msg_1666,node49,node0,228,27124,27125,,1.0,2,1.0,0.9993997599039616,,49,,0.9705882352941176,0,0.9993997599039616,49,49,50,49
msg_1667,node49,node1,228,27124,27125,,1.0,2,1.0,0.9993997599039616,,49,,1.0,0,0.9993997599039616,49,49,50,49
msg_1668,node49,node2,228,27124,27125,,1.0,2,1.0,0.9993997599039616,,49,,1.0,0,0.9993997599039616,49,49,50,49
msg_1669,node49,node3,228,27124,27125,,1.0,2,1.0,0.9993997599039616,,49,,1.0,0,0.9993997599039616,49,49,50,49
msg_1670,node49,node4,228,27124,27125,,1.0,2,1.0,0.9993997599039616,,49,,1.0,0,0.9993997599039616,49,49,50,49
msg_1671,node49,node5,228,27124,27125,,1.0,2,1.0,0.9993997599039616,,49,,1.0,0,0.9993997599039616,49,49,50,49
msg_1672,node49,node6,228,27124,27125,,1.0,2,1.0,0.9993997599039616,,49,,1.0,0,0.9993997599039616,49,49,50,49
msg_1673,node49,node7,228,27124,27125,,1.0,2,1.0,0.9993997599039616,,49,,1.0,0,0.9993997599039616,49,49,50,49
msg_1674,node49,node8,228,27124,27125,,1.0,2,1.0,0.9993997599039616,,49,,1.0,0,0.9993997599039616,49,49,50,49
msg_1675,node49,node9,228,27124,27125,,1.0,2,1.0,0.9993997599039616,,49,,1.0,0,0.9993997599039616,49,49,50,49
msg_1676,node49,node10,229,27124,27125,,1.0,2,1.0,0.9993997599039616,,49,,1.0,0,0.9993997599039616,49,49,50,49
msg_1677,node49,node11,229,27124,27125,,1.0,2,1.0,0.9993997599039616,,49,,1.0,0,0.9993997599039616,49,49,50,49
msg_1678,node49,node12,229,27124,27125,,1.0,2,1.0,0.9993997599039616,,49,,1.0,0,0.9993997599039616,49,49,50,49
msg_1679,node49,node13,229,27124,27125,,1.0,2,1.0,0.9993997599039616,,49,,1.0,0,0.9993997599039616,49,49,50,49
msg_1680,node49,node14,229,27124,27125,,1.0,2,1.0,0.9993997599039616,,49,,1.0,0,0.9993997599039616,49,49,50,49
msg_1681,node49,node15,229,27124,27125,,1.0,2,1.0,0.9993997599039616,,49,,1.0,0,0.9993997599039616,49,49,50,49
msg_1682,node49,node16,229,27124,27125,,1.0,2,1.0,0.9993997599039616,,49,,1.0,0,0.9993997599039616,49,49,50,49
msg_1683,node49,node17,229,27124,27125,,1.0,2,1.0,0.9993997599039616,,49,,1.0,0,0.9993997599039616,49,49,50,49
msg_1684,node49,node18,229,27124,27125,,1.0,2,1.0,0.9993997599039616,,49,,1.0,0,0.9993997599039616,49,49,50,49
msg_1685,node49,node19,229,27124,27125,,1.0,2,1.0,0.9993997599039616,,49,,1.0,0,0.9993997599039616,49,49,50,49
msg_1686,node49,node20,229,27124,27125,,1.0,2,1.0,0.9993997599039616,,49,,1.0,0,0.9993997599039616,49,49,50,49
msg_1687,node49,node21,229,27124,27125,,1.0,2,1.0,0.9993997599039616,,49,,1.0,0,0.9993997599039616,49,49,50,49
msg_1688,node49,node22,229,27124,27125,,1.0,2,1.0,0.9993997599039616,,49,,1.0,0,0.9993997599039616,49,49,50,49
msg_1689,node49,node23,229,27124,27125,,1.0,2,1.0,0.9993997599039616,,49,,1.0,0,0.9993997599039616,49,49,50,49
msg_1690,node49,node24,229,27124,27125,,1.0,2,1.0,0.9993997599039616,,49,,1.0,0,0.9993997599039616,49,49,50,49
msg_1691,node49,node25,229,27124,27125,,1.0,2,1.0,0.9993997599039616,,49,,1.0,0,0.9993997599039616,49,49,50,49
msg_1692,node49,node26,229,27124,27125,,1.0,2,1.0,0.9993997599039616,,49,,1.0,0,0.9993997599039616,49,49,50,49
msg_1693,node49,node27,229,27124,27125,,1.0,2,1.0,0.9993997599039616,,49,,1.0,0,0.9993997599039616,49,49,50,49
msg_1694,node49,node28,229,27124,27125,,1.0,2,1.0,0.9993997599039616,,49,,1.0,0,0.9993997599039616,49,49,50,49
msg_1695,node49,node29,229,27124,27125,,1.0,2,1.0,0.9993997599039616,,49,,1.0,0,0.9993997599039616,49,49,50,49
msg_1696,node49,node30,229,27124,27125,,1.0,2,1.0,0.9993997599039616,,49,,1.0,0,0.9993997599039616,49,49,50,49
msg_1697,node49,node31,229,27124,27125,,1.0,2,1.0,0.9993997599039616,,49,,1.0,0,0.9993997599039616,49,49,50,49
msg_1698,node49,node32,229,27124,27125,,1.0,2,1.0,0.9993997599039616,,49,,1.0,0,0.9993997599039616,49,49,50,49
msg_1699,node49,node33,229,27124,27125,,1.0,2,1.0,0.9993997599039616,,49,,1.0,0,0.9993997599039616,49,49,50,49
msg_1700,node49,node34,229,27124,27125,,1.0,2,1.0,0.9993997599039616,,49,,1.0,0,0.9993997599039616,49,49,50,49
msg_1701,node49,node35,229,27124,27125,,1.0,2,1.0,0.9993997599039616,,49,,1.0,0,0.9993997599039616,49,49,50,49
msg_1702,node49,node36,229,27124,27125,,1.0,2,1.0,0.9993997599039616,,49,,1.0,0,0.9993997599039616,49,49,50,49
msg_1703,node49,node37,229,27124,27125,,1.0,2,1.0,0.9993997599039616,,49,,1.0,0,0.9993997599039616,49,49,50,49
msg_1704,node49,node38,229,27124,27125,,1.0,2,1.0,0.9993997599039616,,49,,1.0,0,0.9993997599039616,49,49,50,49
msg_1705,node49,node39,229,27124,27125,,1.0,2,1.0,0.9993997599039616,,49,,1.0,0,0.9993997599039616,49,49,50,49
msg_1706,node49,node40,229,27124,27125,,1.0,2,1.0,0.9993997599039616,,49,,1.0,0,0.9993997599039616,49,49,50,49
msg_1707,node49,node41,229,27124,27125,,1.0,2,1.0,0.9993997599039616,,49,,1.0,0,0.9993997599039616,49,49,50,49
msg_1708,node49,node42,229,27124,27125,,1.0,2,1.0,0.9993997599039616,,49,,1.0,0,0.9993997599039616,49,49,50,49
msg_1709,node49,node43,229,27124,27125,,1.0,2,1.0,0.9993997599039616,,49,,1.0,0,0.9993997599039616,49,49,50,49
msg_1710,node49,node44,229,27124,27125,,1.0,2,1.0,0.9993997599039616,,49,,1.0,0,0.9993997599039616,49,49,50,49
msg_1711,node49,node45,229,27124,27125,,1.0,2,1.0,0.9993997599039616,,49,,1.0,0,0.9993997599039616,49,49,50,49
msg_1712,node49,node46,229,27124,27125,,1.0,2,1.0,0.9993997599039616,,49,,1.0,0,0.9993997599039616,49,49,50,49
msg_1713,node49,node47,229,27124,27125,,1.0,2,1.0,0.9993997599039616,,49,,1.0,0,0.9993997599039616,49,49,50,49
msg_1714,node49,node48,229,27124,27125,,1.0,2,1.0,0.9993997599039616,,49,,1.0,0,0.9993997599039616,49,49,50,49
msg_1715,node49,node0,228,27144,27145,,1.0,2,1.0,0.9994169096209913,,49,,0.9714285714285714,0,0.9994169096209913,49,49,50,49
msg_1716,node49,node1,228,27144,27145,,1.0,2,1.0,0.9994169096209913,,49,,1.0,0,0.9994169096209913,49,49,50,49
msg_1717,node49,node2,228,27144,27145,,1.0,2,1.0,0.9994169096209913,,49,,1.0,0,0.9994169096209913,49,49,50,49
msg_1718,node49,node3,228,27144,27145,,1.0,2,1.0,0.9994169096209913,,49,,1.0,0,0.9994169096209913,49,49,50,49
msg_1719,node49,node4,228,27144,27145,,1.0,2,1.0,0.9994169096209913,,49,,1.0,0,0.9994169096209913,49,49,50,49
msg_1720,node49,node5,228,27144,27145,,1.0,2,1.0,0.9994169096209913,,49,,1.0,0,0.9994169096209913,49,49,50,49
msg_1721,node49,node6,228,27144,27145,,1.0,2,1.0,0.9994169096209913,,49,,1.0,0,0.9994169096209913,49,49,50,49
msg_1722,node49,node7,228,27144,27145,,1.0,2,1.0,0.9994169096209913,,49,,1.0,0,0.9994169096209913,49,49,50,49
msg_1723,node49,node8,228,27144,27145,,1.0,2,1.0,0.9994169096209913,,49,,1.0,0,0.9994169096209913,49,49,50,49
msg_1724,node49,node9,228,27144,27145,,1.0,2,1.0,0.9994169096209913,,49,,1.0,0,0.9994169096209913,49,49,50,49
msg_1725,node49,node10,229,27144,27145,,1.0,2,1.0,0.9994169096209913,,49,,1.0,0,0.9994169096209913,49,49,50,49
msg_1726,node49,node11,229,27144,27145,,1.0,2,1.0,0.9994169096209913,,49,,1.0,0,0.9994169096209913,49,49,50,49
msg_1727,node49,node12,229,27144,27145,,1.0,2,1.0,0.9994169096209913,,49,,1.0,0,0.9994169096209913,49,49,50,49
msg_1728,node49,node13,229,27144,27145,,1.0,2,1.0,0.9994169096209913,,49,,1.0,0,0.9994169096209913,49,49,50,49
msg_1729,node49,node14,229,27144,27145,,1.0,2,1.0,0.9994169096209913,,49,,1.0,0,0.9994169096209913,49,49,50,49
msg_1730,node49,node15,229,27144,27145,,1.0,2,1.0,0.9994169096209913,,49,,1.0,0,0.9994169096209913,49,49,50,49
msg_1731,node49,node16,229,27144,27145,,1.0,2,1.0,0.9994169096209913,,49,,1.0,0,0.9994169096209913,49,49,50,49
msg_1732,node49,node17,229,27144,27145,,1.0,2,1.0,0.9994169096209913,,49,,1.0,0,0.9994169096209913,49,49,50,49
msg_1733,node49,node18,229,27144,27145,,1.0,2,1.0,0.9994169096209913,,49,,1.0,0,0.9994169096209913,49,49,50,49
msg_1734,node49,node19,229,27144,27145,,1.0,2,1.0,0.9994169096209913,,49,,1.0,0,0.9994169096209913,49,49,50,49
msg_1735,node49,node20,229,27144,27145,,1.0,2,1.0,0.9994169096209913,,49,,1.0,0,0.9994169096209913,49,49,50,49
msg_1736,node49,node21,229,27144,27145,,1.0,2,1.0,0.9994169096209913,,49,,1.0,0,0.9994169096209913,49,49,50,49
msg_1737,node49,node22,229,27144,27145,,1.0,2,1.0,0.9994169096209913,,49,,1.0,0,0.9994169096209913,49,49,50,49
msg_1738,node49,node23,229,27144,27145,,1.0,2,1.0,0.9994169096209913,,49,,1.0,0,0.9994169096209913,49,49,50,49
msg_1739,node49,node24,229,27144,27145,,1.0,2,1.0,0.9994169096209913,,49,,1.0,0,0.9994169096209913,49,49,50,49
msg_1740,node49,node25,229,27144,27145,,1.0,2,1.0,0.9994169096209913,,49,,1.0,0,0.9994169096209913,49,49,50,49
msg_1741,node49,node26,229,27144,27145,,1.0,2,1.0,0.9994169096209913,,49,,1.0,0,0.9994169096209913,49,49,50,49
msg_1742,node49,node27,229,27144,27145,,1.0,2,1.0,0.9994169096209913,,49,,1.0,0,0.9994169096209913,49,49,50,49
msg_1743,node49,node28,229,27144,27145,,1.0,2,1.0,0.9994169096209913,,49,,1.0,0,0.9994169096209913,49,49,50,49
msg_1744,node49,node29,229,27144,27145,,1.0,2,1.0,0.9994169096209913,,49,,1.0,0,0.9994169096209913,49,49,50,49
msg_1745,node49,node30,229,27144,27145,,1.0,2,1.0,0.9994169096209913,,49,,1.0,0,0.9994169096209913,49,49,50,49
msg_1746,node49,node31,229,27144,27145,,1.0,2,1.0,0.9994169096209913,,49,,1.0,0,0.9994169096209913,49,49,50,49
msg_1747,node49,node32,229,27144,27145,,1.0,2,1.0,0.9994169096209913,,49,,1.0,0,0.9994169096209913,49,49,50,49
msg_1748,node49,node33,229,27144,27145,,1.0,2,1.0,0.9994169096209913,,49,,1.0,0,0.9994169096209913,49,49,50,49
msg_1749,node49,node34,229,27144,27145,,1.0,2,1.0,0.9994169096209913,,49,,1.0,0,0.9994169096209913,49,49,50,49
msg_1750,node49,node35,229,27144,27145,,1.0,2,1.0,0.9994169096209913,,49,,1.0,0,0.9994169096209913,49,49,50,49
msg_1751,node49,node36,229,27144,27145,,1.0,2,1.0,0.9994169096209913,,49,,1.0,0,0.9994169096209913,49,49,50,49
msg_1752,node49,node37,229,27144,27145,,1.0,2,1.0,0.9994169096209913,,49,,1.0,0,0.9994169096209913,49,49,50,49
msg_1753,node49,node38,229,27144,27145,,1.0,2,1.0,0.9994169096209913,,49,,1.0,0,0.9994169096209913,49,49,50,49
msg_1754,node49,node39,229,27144,27145,,1.0,2,1.0,0.9994169096209913,,49,,1.0,0,0.9994169096209913,49,49,50,49
msg_1755,node49,node40,229,27144,27145,,1.0,2,1.0,0.9994169096209913,,49,,1.0,0,0.9994169096209913,49,49,50,49
msg_1756,node49,node41,229,27144,27145,,1.0,2,1.0,0.9994169096209913,,49,,1.0,0,0.9994169096209913,49,49,50,49
msg_1757,node49,node42,229,27144,27145,,1.0,2,1.0,0.9994169096209913,,49,,1.0,0,0.9994169096209913,49,49,50,49
msg_1758,node49,node43,229,27144,27145,,1.0,2,1.0,0.9994169096209913,,49,,1.0,0,0.9994169096209913,49,49,50,49
msg_1759,node49,node44,229,27144,27145,,1.0,2,1.0,0.9994169096209913,,49,,1.0,0,0.9994169096209913,49,49,50,49
msg_1760,node49,node45,229,27144,27145,,1.0,2,1.0,0.9994169096209913,,49,,1.0,0,0.9994169096209913,49,49,50,49
msg_1761,node49,node46,229,27144,27145,,1.0,2,1.0,0.9994169096209913,,49,,1.0,0,0.9994169096209913,49,49,50,49
msg_1762,node49,node47,229,27144,27145,,1.0,2,1.0,0.9994169096209913,,49,,1.0,0,0.9994169096209913,49,49,50,49
msg_1763,node49,node48,229,27144,27145,,1.0,2,1.0,0.9994169096209913,,49,,1.0,0,0.9994169096209913,49,49,50,49
msg_1764,node49,node0,228,28963,28964,,1.0,2,1.0,0.9994331065759637,,49,,0.9722222222222222,0,0.9994331065759637,49,49,50,49
msg_1765,node49,node1,228,28963,28964,,1.0,2,1.0,0.9994331065759637,,49,,1.0,0,0.9994331065759637,49,49,50,49
msg_1766,node49,node2,228,28963,28964,,1.0,2,1.0,0.9994331065759637,,49,,1.0,0,0.9994331065759637,49,49,50,49
msg_1767,node49,node3,228,28963,28964,,1.0,2,1.0,0.9994331065759637,,49,,1.0,0,0.9994331065759637,49,49,50,49
msg_1768,node49,node4,228,28963,28964,,1.0,2,1.0,0.9994331065759637,,49,,1.0,0,0.9994331065759637,49,49,50,49
msg_1769,node49,node5,228,28963,28964,,1.0,2,1.0,0.9994331065759637,,49,,1.0,0,0.9994331065759637,49,49,50,49
msg_1770,node49,node6,228,28963,28964,,1.0,2,1.0,0.9994331065759637,,49,,1.0,0,0.9994331065759637,49,49,50,49
msg_1771,node49,node7,228,28963,28964,,1.0,2,1.0,0.9994331065759637,,49,,1.0,0,0.9994331065759637,49,49,50,49
msg_1772,node49,node8,228,28963,28964,,1.0,2,1.0,0.9994331065759637,,49,,1.0,0,0.9994331065759637,49,49,50,49
msg_1773,node49,node9,228,28963,28964,,1.0,2,1.0,0.9994331065759637,,49,,1.0,0,0.9994331065759637,49,49,50,49
msg_1774,node49,node10,229,28963,28964,,1.0,2,1.0,0.9994331065759637,,49,,1.0,0,0.9994331065759637,49,49,50,49
msg_1775,node49,node11,229,28963,28964,,1.0,2,1.0,0.9994331065759637,,49,,1.0,0,0.9994331065759637,49,49,50,49
msg_1776,node49,node12,229,28963,28964,,1.0,2,1.0,0.9994331065759637,,49,,1.0,0,0.9994331065759637,49,49,50,49
msg_1777,node49,node13,229,28963,28964,,1.0,2,1.0,0.9994331065759637,,49,,1.0,0,0.9994331065759637,49,49,50,49
msg_1778,node49,node14,229,28963,28964,,1.0,2,1.0,0.9994331065759637,,49,,1.0,0,0.9994331065759637,49,49,50,49
msg_1779,node49,node15,229,28963,28964,,1.0,2,1.0,0.9994331065759637,,49,,1.0,0,0.9994331065759637,49,49,50,49
msg_1780,node49,node16,229,28963,28964,,1.0,2,1.0,0.9994331065759637,,49,,1.0,0,0.9994331065759637,49,49,50,49
msg_1781,node49,node17,229,28963,28964,,1.0,2,1.0,0.9994331065759637,,49,,1.0,0,0.9994331065759637,49,49,50,49
msg_1782,node49,node18,229,28963,28964,,1.0,2,1.0,0.9994331065759637,,49,,1.0,0,0.9994331065759637,49,49,50,49
msg_1783,node49,node19,229,28963,28964,,1.0,2,1.0,0.9994331065759637,,49,,1.0,0,0.9994331065759637,49,49,50,49
msg_1784,node49,node20,229,28963,28964,,1.0,2,1.0,0.9994331065759637,,49,,1.0,0,0.9994331065759637,49,49,50,49
msg_1785,node49,node21,229,28963,28964,,1.0,2,1.0,0.9994331065759637,,49,,1.0,0,0.9994331065759637,49,49,50,49
msg_1786,node49,node22,229,28963,28964,,1.0,2,1.0,0.9994331065759637,,49,,1.0,0,0.9994331065759637,49,49,50,49
msg_1787,node49,node23,229,28963,28964,,1.0,2,1.0,0.9994331065759637,,49,,1.0,0,0.9994331065759637,49,49,50,49
msg_1788,node49,node24,229,28963,28964,,1.0,2,1.0,0.9994331065759637,,49,,1.0,0,0.9994331065759637,49,49,50,49
msg_1789,node49,node25,229,28963,28964,,1.0,2,1.0,0.9994331065759637,,49,,1.0,0,0.9994331065759637,49,49,50,49
msg_1790,node49,node26,229,28963,28964,,1.0,2,1.0,0.9994331065759637,,49,,1.0,0,0.9994331065759637,49,49,50,49
msg_1791,node49,node27,229,28963,28964,,1.0,2,1.0,0.9994331065759637,,49,,1.0,0,0.9994331065759637,49,49,50,49
msg_1792,node49,node28,229,28963,28964,,1.0,2,1.0,0.9994331065759637,,49,,1.0,0,0.9994331065759637,49,49,50,49
msg_1793,node49,node29,229,28963,28964,,1.0,2,1.0,0.9994331065759637,,49,,1.0,0,0.9994331065759637,49,49,50,49
msg_1794,node49,node30,229,28963,28964,,1.0,2,1.0,0.9994331065759637,,49,,1.0,0,0.9994331065759637,49,49,50,49
msg_1795,node49,node31,229,28963,28964,,1.0,2,1.0,0.9994331065759637,,49,,1.0,0,0.9994331065759637,49,49,50,49
msg_1796,node49,node32,229,28963,28964,,1.0,2,1.0,0.9994331065759637,,49,,1.0,0,0.9994331065759637,49,49,50,49
msg_1797,node49,node33,229,28963,28964,,1.0,2,1.0,0.9994331065759637,,49,,1.0,0,0.9994331065759637,49,49,50,49
msg_1798,node49,node34,229,28963,28964,,1.0,2,1.0,0.9994331065759637,,49,,1.0,0,0.9994331065759637,49,49,50,49
msg_1799,node49,node35,229,28963,28964,,1.0,2,1.0,0.9994331065759637,,49,,1.0,0,0.9994331065759637,49,49,50,49
msg_1800,node49,node36,229,28963,28964,,1.0,2,1.0,0.9994331065759637,,49,,1.0,0,0.9994331065759637,49,49,50,49
msg_1801,node49,node37,229,28963,28964,,1.0,2,1.0,0.9994331065759637,,49,,1.0,0,0.9994331065759637,49,49,50,49
msg_1802,node49,node38,229,28963,28964,,1.0,2,1.0,0.9994331065759637,,49,,1.0,0,0.9994331065759637,49,49,50,49
msg_1803,node49,node39,229,28963,28964,,1.0,2,1.0,0.9994331065759637,,49,,1.0,0,0.9994331065759637,49,49,50,49
msg_1804,node49,node40,229,28963,28964,,1.0,2,1.0,0.9994331065759637,,49,,1.0,0,0.9994331065759637,49,49,50,49
msg_1805,node49,node41,229,28963,28964,,1.0,2,1.0,0.9994331065759637,,49,,1.0,0,0.9994331065759637,49,49,50,49
msg_1806,node49,node42,229,28963,28964,,1.0,2,1.0,0.9994331065759637,,49,,1.0,0,0.9994331065759637,49,49,50,49
msg_1807,node49,node43,229,28963,28964,,1.0,2,1.0,0.9994331065759637,,49,,1.0,0,0.9994331065759637,49,49,50,49
msg_1808,node49,node44,229,28963,28964,,1.0,2,1.0,0.9994331065759637,,49,,1.0,0,0.9994331065759637,49,49,50,49
msg_1809,node49,node45,229,28963,28964,,1.0,2,1.0,0.9994331065759637,,49,,1.0,0,0.9994331065759637,49,49,50,49
msg_1810,node49,node46,229,28963,28964,,1.0,2,1.0,0.9994331065759637,,49,,1.0,0,0.9994331065759637,49,49,50,49
msg_1811,node49,node47,229,28963,28964,,1.0,2,1.0,0.9994331065759637,,49,,1.0,0,0.9994331065759637,49,49,50,49
msg_1812,node49,node48,229,28963,28964,,1.0,2,1.0,0.9994331065759637,,49,,1.0,0,0.9994331065759637,49,49,50,49
msg_1813,node49,node0,228,29776,29777,,1.0,2,1.0,0.9994484280198566,,49,,0.972972972972973,0,0.9994484280198566,49,49,50,49
msg_1814,node49,node1,228,29776,29777,,1.0,2,1.0,0.9994484280198566,,49,,1.0,0,0.9994484280198566,49,49,50,49
msg_1815,node49,node2,228,29776,29777,,1.0,2,1.0,0.9994484280198566,,49,,1.0,0,0.9994484280198566,49,49,50,49
msg_1816,node49,node3,228,29776,29777,,1.0,2,1.0,0.9994484280198566,,49,,1.0,0,0.9994484280198566,49,49,50,49
msg_1817,node49,node4,228,29776,29777,,1.0,2,1.0,0.9994484280198566,,49,,1.0,0,0.9994484280198566,49,49,50,49
msg_1818,node49,node5,228,29776,29777,,1.0,2,1.0,0.9994484280198566,,49,,1.0,0,0.9994484280198566,49,49,50,49
msg_1819,node49,node6,228,29776,29777,,1.0,2,1.0,0.9994484280198566,,49,,1.0,0,0.9994484280198566,49,49,50,49
msg_1820,node49,node7,228,29776,29777,,1.0,2,1.0,0.9994484280198566,,49,,1.0,0,0.9994484280198566,49,49,50,49
msg_1821,node49,node8,228,29776,29777,,1.0,2,1.0,0.9994484280198566,,49,,1.0,0,0.9994484280198566,49,49,50,49
msg_1822,node49,node9,228,29776,29777,,1.0,2,1.0,0.9994484280198566,,49,,1.0,0,0.9994484280198566,49,49,50,49
msg_1823,node49,node10,229,29776,29777,,1.0,2,1.0,0.9994484280198566,,49,,1.0,0,0.9994484280198566,49,49,50,49
msg_1824,node49,node11,229,29776,29777,,1.0,2,1.0,0.9994484280198566,,49,,1.0,0,0.9994484280198566,49,49,50,49
msg_1825,node49,node12,229,29776,29777,,1.0,2,1.0,0.9994484280198566,,49,,1.0,0,0.9994484280198566,49,49,50,49
msg_1826,node49,node13,229,29776,29777,,1.0,2,1.0,0.9994484280198566,,49,,1.0,0,0.9994484280198566,49,49,50,49
msg_1827,node49,node14,229,29776,29777,,1.0,2,1.0,0.9994484280198566,,49,,1.0,0,0.9994484280198566,49,49,50,49
msg_1828,node49,node15,229,29776,29777,,1.0,2,1.0,0.9994484280198566,,49,,1.0,0,0.9994484280198566,49,49,50,49
msg_1829,node49,node16,229,29776,29777,,1.0,2,1.0,0.9994484280198566,,49,,1.0,0,0.9994484280198566,49,49,50,49
msg_1830,node49,node17,229,29776,29777,,1.0,2,1.0,0.9994484280198566,,49,,1.0,0,0.9994484280198566,49,49,50,49
msg_1831,node49,node18,229,29776,29777,,1.0,2,1.0,0.9994484280198566,,49,,1.0,0,0.9994484280198566,49,49,50,49
msg_1832,node49,node19,229,29776,29777,,1.0,2,1.0,0.9994484280198566,,49,,1.0,0,0.9994484280198566,49,49,50,49
msg_1833,node49,node20,229,29776,29777,,1.0,2,1.0,0.9994484280198566,,49,,1.0,0,0.9994484280198566,49,49,50,49
msg_1834,node49,node21,229,29776,29777,,1.0,2,1.0,0.9994484280198566,,49,,1.0,0,0.9994484280198566,49,49,50,49
msg_1835,node49,node22,229,29776,29777,,1.0,2,1.0,0.9994484280198566,,49,,1.0,0,0.9994484280198566,49,49,50,49
msg_1836,node49,node23,229,29776,29777,,1.0,2,1.0,0.9994484280198566,,49,,1.0,0,0.9994484280198566,49,49,50,49
msg_1837,node49,node24,229,29776,29777,,1.0,2,1.0,0.9994484280198566,,49,,1.0,0,0.9994484280198566,49,49,50,49
msg_1838,node49,node25,229,29776,29777,,1.0,2,1.0,0.9994484280198566,,49,,1.0,0,0.9994484280198566,49,49,50,49
msg_1839,node49,node26,229,29776,29777,,1.0,2,1.0,0.9994484280198566,,49,,1.0,0,0.9994484280198566,49,49,50,49
msg_1840,node49,node27,229,29776,29777,,1.0,2,1.0,0.9994484280198566,,49,,1.0,0,0.9994484280198566,49,49,50,49
msg_1841,node49,node28,229,29776,29777,,1.0,2,1.0,0.9994484280198566,,49,,1.0,0,0.9994484280198566,49,49,50,49
msg_1842,node49,node29,229,29776,29777,,1.0,2,1.0,0.9994484280198566,,49,,1.0,0,0.9994484280198566,49,49,50,49
msg_1843,node49,node30,229,29776,29777,,1.0,2,1.0,0.9994484280198566,,49,,1.0,0,0.9994484280198566,49,49,50,49
msg_1844,node49,node31,229,29776,29777,,1.0,2,1.0,0.9994484280198566,,49,,1.0,0,0.9994484280198566,49,49,50,49
msg_1845,node49,node32,229,29776,29777,,1.0,2,1.0,0.9994484280198566,,49,,1.0,0,0.9994484280198566,49,49,50,49
msg_1846,node49,node33,229,29776,29777,,1.0,2,1.0,0.9994484280198566,,49,,1.0,0,0.9994484280198566,49,49,50,49
msg_1847,node49,node34,229,29776,29777,,1.0,2,1.0,0.9994484280198566,,49,,1.0,0,0.9994484280198566,49,49,50,49
msg_1848,node49,node35,229,29776,29777,,1.0,2,1.0,0.9994484280198566,,49,,1.0,0,0.9994484280198566,49,49,50,49
msg_1849,node49,node36,229,29776,29777,,1.0,2,1.0,0.9994484280198566,,49,,1.0,0,0.9994484280198566,49,49,50,49
msg_1850,node49,node37,229,29776,29777,,1.0,2,1.0,0.9994484280198566,,49,,1.0,0,0.9994484280198566,49,49,50,49
msg_1851,node49,node38,229,29776,29777,,1.0,2,1.0,0.9994484280198566,,49,,1.0,0,0.9994484280198566,49,49,50,49
msg_1852,node49,node39,229,29776,29777,,1.0,2,1.0,0.9994484280198566,,49,,1.0,0,0.9994484280198566,49,49,50,49
msg_1853,node49,node40,229,29776,29777,,1.0,2,1.0,0.9994484280198566,,49,,1.0,0,0.9994484280198566,49,49,50,49
msg_1854,node49,node41,229,29776,29777,,1.0,2,1.0,0.9994484280198566,,49,,1.0,0,0.9994484280198566,49,49,50,49
msg_1855,node49,node42,229,29776,29777,,1.0,2,1.0,0.9994484280198566,,49,,1.0,0,0.9994484280198566,49,49,50,49
msg_1856,node49,node43,229,29776,29777,,1.0,2,1.0,0.9994484280198566,,49,,1.0,0,0.9994484280198566,49,49,50,49
msg_1857,node49,node44,229,29776,29777,,1.0,2,1.0,0.9994484280198566,,49,,1.0,0,0.9994484280198566,49,49,50,49
msg_1858,node49,node45,229,29776,29777,,1.0,2,1.0,0.9994484280198566,,49,,1.0,0,0.9994484280198566,49,49,50,49
msg_1859,node49,node46,229,29776,29777,,1.0,2,1.0,0.9994484280198566,,49,,1.0,0,0.9994484280198566,49,49,50,49
msg_1860,node49,node47,229,29776,29777,,1.0,2,1.0,0.9994484280198566,,49,,1.0,0,0.9994484280198566,49,49,50,49
msg_1861,node49,node48,229,29776,29777,,1.0,2,1.0,0.9994484280198566,,49,,1.0,0,0.9994484280198566,49,49,50,49
msg_1862,node49,node0,228,30804,30805,,1.0,2,1.0,0.9994629430719656,,49,,0.9736842105263158,0,0.9994629430719656,49,49,50,49
msg_1863,node49,node1,228,30804,30805,,1.0,2,1.0,0.9994629430719656,,49,,1.0,0,0.9994629430719656,49,49,50,49
msg_1864,node49,node2,228,30804,30805,,1.0,2,1.0,0.9994629430719656,,49,,1.0,0,0.9994629430719656,49,49,50,49
msg_1865,node49,node3,228,30804,30805,,1.0,2,1.0,0.9994629430719656,,49,,1.0,0,0.9994629430719656,49,49,50,49
msg_1866,node49,node4,228,30804,30805,,1.0,2,1.0,0.9994629430719656,,49,,1.0,0,0.9994629430719656,49,49,50,49
msg_1867,node49,node5,228,30804,30805,,1.0,2,1.0,0.9994629430719656,,49,,1.0,0,0.9994629430719656,49,49,50,49
msg_1868,node49,node6,228,30804,30805,,1.0,2,1.0,0.9994629430719656,,49,,1.0,0,0.9994629430719656,49,49,50,49
msg_1869,node49,node7,228,30804,30805,,1.0,2,1.0,0.9994629430719656,,49,,1.0,0,0.9994629430719656,49,49,50,49
msg_1870,node49,node8,228,30804,30805,,1.0,2,1.0,0.9994629430719656,,49,,1.0,0,0.9994629430719656,49,49,50,49
msg_1871,node49,node9,228,30804,30805,,1.0,2,1.0,0.9994629430719656,,49,,1.0,0,0.9994629430719656,49,49,50,49
msg_1872,node49,node10,229,30804,30805,,1.0,2,1.0,0.9994629430719656,,49,,1.0,0,0.9994629430719656,49,49,50,49
msg_1873,node49,node11,229,30804,30805,,1.0,2,1.0,0.9994629430719656,,49,,1.0,0,0.9994629430719656,49,49,50,49
msg_1874,node49,node12,229,30804,30805,,1.0,2,1.0,0.9994629430719656,,49,,1.0,0,0.9994629430719656,49,49,50,49
msg_1875,node49,node13,229,30804,30805,,1.0,2,1.0,0.9994629430719656,,49,,1.0,0,0.9994629430719656,49,49,50,49
msg_1876,node49,node14,229,30804,30805,,1.0,2,1.0,0.9994629430719656,,49,,1.0,0,0.9994629430719656,49,49,50,49
msg_1877,node49,node15,229,30804,30805,,1.0,2,1.0,0.9994629430719656,,49,,1.0,0,0.9994629430719656,49,49,50,49
msg_1878,node49,node16,229,30804,30805,,1.0,2,1.0,0.9994629430719656,,49,,1.0,0,0.9994629430719656,49,49,50,49
msg_1879,node49,node17,229,30804,30805,,1.0,2,1.0,0.9994629430719656,,49,,1.0,0,0.9994629430719656,49,49,50,49
msg_1880,node49,node18,229,30804,30805,,1.0,2,1.0,0.9994629430719656,,49,,1.0,0,0.9994629430719656,49,49,50,49
msg_1881,node49,node19,229,30804,30805,,1.0,2,1.0,0.9994629430719656,,49,,1.0,0,0.9994629430719656,49,49,50,49
msg_1882,node49,node20,229,30804,30805,,1.0,2,1.0,0.9994629430719656,,49,,1.0,0,0.9994629430719656,49,49,50,49
msg_1883,node49,node21,229,30804,30805,,1.0,2,1.0,0.9994629430719656,,49,,1.0,0,0.9994629430719656,49,49,50,49
msg_1884,node49,node22,229,30804,30805,,1.0,2,1.0,0.9994629430719656,,49,,1.0,0,0.9994629430719656,49,49,50,49
msg_1885,node49,node23,229,30804,30805,,1.0,2,1.0,0.9994629430719656,,49,,1.0,0,0.9994629430719656,49,49,50,49
msg_1886,node49,node24,229,30804,30805,,1.0,2,1.0,0.9994629430719656,,49,,1.0,0,0.9994629430719656,49,49,50,49
msg_1887,node49,node25,229,30804,30805,,1.0,2,1.0,0.9994629430719656,,49,,1.0,0,0.9994629430719656,49,49,50,49
msg_1888,node49,node26,229,30804,30805,,1.0,2,1.0,0.9994629430719656,,49,,1.0,0,0.9994629430719656,49,49,50,49
msg_1889,node49,node27,229,30804,30805,,1.0,2,1.0,0.9994629430719656,,49,,1.0,0,0.9994629430719656,49,49,50,49
msg_1890,node49,node28,229,30804,30805,,1.0,2,1.0,0.9994629430719656,,49,,1.0,0,0.9994629430719656,49,49,50,49
msg_1891,node49,node29,229,30804,30805,,1.0,2,1.0,0.9994629430719656,,49,,1.0,0,0.9994629430719656,49,49,50,49
msg_1892,node49,node30,229,30804,30805,,1.0,2,1.0,0.9994629430719656,,49,,1.0,0,0.9994629430719656,49,49,50,49
msg_1893,node49,node31,229,30804,30805,,1.0,2,1.0,0.9994629430719656,,49,,1.0,0,0.9994629430719656,49,49,50,49
msg_1894,node49,node32,229,30804,30805,,1.0,2,1.0,0.9994629430719656,,49,,1.0,0,0.9994629430719656,49,49,50,49
msg_1895,node49,node33,229,30804,30805,,1.0,2,1.0,0.9994629430719656,,49,,1.0,0,0.9994629430719656,49,49,50,49
msg_1896,node49,node34,229,30804,30805,,1.0,2,1.0,0.9994629430719656,,49,,1.0,0,0.9994629430719656,49,49,50,49
msg_1897,node49,node35,229,30804,30805,,1.0,2,1.0,0.9994629430719656,,49,,1.0,0,0.9994629430719656,49,49,50,49
msg_1898,node49,node36,229,30804,30805,,1.0,2,1.0,0.9994629430719656,,49,,1.0,0,0.9994629430719656,49,49,50,49
msg_1899,node49,node37,229,30804,30805,,1.0,2,1.0,0.9994629430719656,,49,,1.0,0,0.9994629430719656,49,49,50,49
msg_1900,node49,node38,229,30804,30805,,1.0,2,1.0,0.9994629430719656,,49,,1.0,0,0.9994629430719656,49,49,50,49
msg_1901,node49,node39,229,30804,30805,,1.0,2,1.0,0.9994629430719656,,49,,1.0,0,0.9994629430719656,49,49,50,49
msg_1902,node49,node40,229,30804,30805,,1.0,2,1.0,0.9994629430719656,,49,,1.0,0,0.9994629430719656,49,49,50,49
msg_1903,node49,node41,229,30804,30805,,1.0,2,1.0,0.9994629430719656,,49,,1.0,0,0.9994629430719656,49,49,50,49
msg_1904,node49,node42,229,30804,30805,,1.0,2,1.0,0.9994629430719656,,49,,1.0,0,0.9994629430719656,49,49,50,49
msg_1905,node49,node43,229,30804,30805,,1.0,2,1.0,0.9994629430719656,,49,,1.0,0,0.9994629430719656,49,49,50,49
msg_1906,node49,node44,229,30804,30805,,1.0,2,1.0,0.9994629430719656,,49,,1.0,0,0.9994629430719656,49,49,50,49
msg_1907,node49,node45,229,30804,30805,,1.0,2,1.0,0.9994629430719656,,49,,1.0,0,0.9994629430719656,49,49,50,49
msg_1908,node49,node46,229,30804,30805,,1.0,2,1.0,0.9994629430719656,,49,,1.0,0,0.9994629430719656,49,49,50,49
msg_1909,node49,node47,229,30804,30805,,1.0,2,1.0,0.9994629430719656,,49,,1.0,0,0.9994629430719656,49,49,50,49
msg_1910,node49,node48,229,30804,30805,,1.0,2,1.0,0.9994629430719656,,49,,1.0,0,0.9994629430719656,49,49,50,49
msg_1911,node49,node0,228,31008,31009,,1.0,2,1.0,0.9994767137624281,,49,,0.9743589743589743,0,0.9994767137624281,49,49,50,49
msg_1912,node49,node1,228,31008,31009,,1.0,2,1.0,0.9994767137624281,,49,,1.0,0,0.9994767137624281,49,49,50,49
msg_1913,node49,node2,228,31008,31009,,1.0,2,1.0,0.9994767137624281,,49,,1.0,0,0.9994767137624281,49,49,50,49
msg_1914,node49,node3,228,31008,31009,,1.0,2,1.0,0.9994767137624281,,49,,1.0,0,0.9994767137624281,49,49,50,49
msg_1915,node49,node4,228,31008,31009,,1.0,2,1.0,0.9994767137624281,,49,,1.0,0,0.9994767137624281,49,49,50,49
msg_1916,node49,node5,228,31008,31009,,1.0,2,1.0,0.9994767137624281,,49,,1.0,0,0.9994767137624281,49,49,50,49
msg_1917,node49,node6,228,31008,31009,,1.0,2,1.0,0.9994767137624281,,49,,1.0,0,0.9994767137624281,49,49,50,49
msg_1918,node49,node7,228,31008,31009,,1.0,2,1.0,0.9994767137624281,,49,,1.0,0,0.9994767137624281,49,49,50,49
msg_1919,node49,node8,228,31008,31009,,1.0,2,1.0,0.9994767137624281,,49,,1.0,0,0.9994767137624281,49,49,50,49
msg_1920,node49,node9,228,31008,31009,,1.0,2,1.0,0.9994767137624281,,49,,1.0,0,0.9994767137624281,49,49,50,49
msg_1921,node49,node10,229,31008,31009,,1.0,2,1.0,0.9994767137624281,,49,,1.0,0,0.9994767137624281,49,49,50,49
msg_1922,node49,node11,229,31008,31009,,1.0,2,1.0,0.9994767137624281,,49,,1.0,0,0.9994767137624281,49,49,50,49
msg_1923,node49,node12,229,31008,31009,,1.0,2,1.0,0.9994767137624281,,49,,1.0,0,0.9994767137624281,49,49,50,49
msg_1924,node49,node13,229,31008,31009,,1.0,2,1.0,0.9994767137624281,,49,,1.0,0,0.9994767137624281,49,49,50,49
msg_1925,node49,node14,229,31008,31009,,1.0,2,1.0,0.9994767137624281,,49,,1.0,0,0.9994767137624281,49,49,50,49
msg_1926,node49,node15,229,31008,31009,,1.0,2,1.0,0.9994767137624281,,49,,1.0,0,0.9994767137624281,49,49,50,49
msg_1927,node49,node16,229,31008,31009,,1.0,2,1.0,0.9994767137624281,,49,,1.0,0,0.9994767137624281,49,49,50,49
msg_1928,node49,node17,229,31008,31009,,1.0,2,1.0,0.9994767137624281,,49,,1.0,0,0.9994767137624281,49,49,50,49
msg_1929,node49,node18,229,31008,31009,,1.0,2,1.0,0.9994767137624281,,49,,1.0,0,0.9994767137624281,49,49,50,49
msg_1930,node49,node19,229,31008,31009,,1.0,2,1.0,0.9994767137624281,,49,,1.0,0,0.9994767137624281,49,49,50,49
msg_1931,node49,node20,229,31008,31009,,1.0,2,1.0,0.9994767137624281,,49,,1.0,0,0.9994767137624281,49,49,50,49
msg_1932,node49,node21,229,31008,31009,,1.0,2,1.0,0.9994767137624281,,49,,1.0,0,0.9994767137624281,49,49,50,49
msg_1933,node49,node22,229,31008,31009,,1.0,2,1.0,0.9994767137624281,,49,,1.0,0,0.9994767137624281,49,49,50,49
msg_1934,node49,node23,229,31008,31009,,1.0,2,1.0,0.9994767137624281,,49,,1.0,0,0.9994767137624281,49,49,50,49
msg_1935,node49,node24,229,31008,31009,,1.0,2,1.0,0.9994767137624281,,49,,1.0,0,0.9994767137624281,49,49,50,49
msg_1936,node49,node25,229,31008,31009,,1.0,2,1.0,0.9994767137624281,,49,,1.0,0,0.9994767137624281,49,49,50,49
msg_1937,node49,node26,229,31008,31009,,1.0,2,1.0,0.9994767137624281,,49,,1.0,0,0.9994767137624281,49,49,50,49
msg_1938,node49,node27,229,31008,31009,,1.0,2,1.0,0.9994767137624281,,49,,1.0,0,0.9994767137624281,49,49,50,49
msg_1939,node49,node28,229,31008,31009,,1.0,2,1.0,0.9994767137624281,,49,,1.0,0,0.9994767137624281,49,49,50,49
msg_1940,node49,node29,229,31008,31009,,1.0,2,1.0,0.9994767137624281,,49,,1.0,0,0.9994767137624281,49,49,50,49
msg_1941,node49,node30,229,31008,31009,,1.0,2,1.0,0.9994767137624281,,49,,1.0,0,0.9994767137624281,49,49,50,49
msg_1942,node49,node31,229,31008,31009,,1.0,2,1.0,0.9994767137624281,,49,,1.0,0,0.9994767137624281,49,49,50,49
msg_1943,node49,node32,229,31008,31009,,1.0,2,1.0,0.9994767137624281,,49,,1.0,0,0.9994767137624281,49,49,50,49
msg_1944,node49,node33,229,31008,31009,,1.0,2,1.0,0.9994767137624281,,49,,1.0,0,0.9994767137624281,49,49,50,49
msg_1945,node49,node34,229,31008,31009,,1.0,2,1.0,0.9994767137624281,,49,,1.0,0,0.9994767137624281,49,49,50,49
msg_1946,node49,node35,229,31008,31009,,1.0,2,1.0,0.9994767137624281,,49,,1.0,0,0.9994767137624281,49,49,50,49
msg_1947,node49,node36,229,31008,31009,,1.0,2,1.0,0.9994767137624281,,49,,1.0,0,0.9994767137624281,49,49,50,49
msg_1948,node49,node37,229,31008,31009,,1.0,2,1.0,0.9994767137624281,,49,,1.0,0,0.9994767137624281,49,49,50,49
msg_1949,node49,node38,229,31008,31009,,1.0,2,1.0,0.9994767137624281,,49,,1.0,0,0.9994767137624281,49,49,50,49
msg_1950,node49,node39,229,31008,31009,,1.0,2,1.0,0.9994767137624281,,49,,1.0,0,0.9994767137624281,49,49,50,49
msg_1951,node49,node40,229,31008,31009,,1.0,2,1.0,0.9994767137624281,,49,,1.0,0,0.9994767137624281,49,49,50,49
msg_1952,node49,node41,229,31008,31009,,1.0,2,1.0,0.9994767137624281,,49,,1.0,0,0.9994767137624281,49,49,50,49
msg_1953,node49,node42,229,31008,31009,,1.0,2,1.0,0.9994767137624281,,49,,1.0,0,0.9994767137624281,49,49,50,49
msg_1954,node49,node43,229,31008,31009,,1.0,2,1.0,0.9994767137624281,,49,,1.0,0,0.9994767137624281,49,49,50,49
msg_1955,node49,node44,229,31008,31009,,1.0,2,1.0,0.9994767137624281,,49,,1.0,0,0.9994767137624281,49,49,50,49
msg_1956,node49,node45,229,31008,31009,,1.0,2,1.0,0.9994767137624281,,49,,1.0,0,0.9994767137624281,49,49,50,49
msg_1957,node49,node46,229,31008,31009,,1.0,2,1.0,0.9994767137624281,,49,,1.0,0,0.9994767137624281,49,49,50,49
msg_1958,node49,node47,229,31008,31009,,1.0,2,1.0,0.9994767137624281,,49,,1.0,0,0.9994767137624281,49,49,50,49
msg_1959,node49,node48,229,31008,31009,,1.0,2,1.0,0.9994767137624281,,49,,1.0,0,0.9994767137624281,49,49,50,49
msg_1960,node49,node0,228,35907,35908,,1.0,2,1.0,0.9994897959183674,,49,,0.975,0,0.9994897959183674,49,49,50,49
msg_1961,node49,node1,228,35907,35908,,1.0,2,1.0,0.9994897959183674,,49,,1.0,0,0.9994897959183674,49,49,50,49
msg_1962,node49,node2,228,35907,35908,,1.0,2,1.0,0.9994897959183674,,49,,1.0,0,0.9994897959183674,49,49,50,49
msg_1963,node49,node3,228,35907,35908,,1.0,2,1.0,0.9994897959183674,,49,,1.0,0,0.9994897959183674,49,49,50,49
msg_1964,node49,node4,228,35907,35908,,1.0,2,1.0,0.9994897959183674,,49,,1.0,0,0.9994897959183674,49,49,50,49
msg_1965,node49,node5,228,35907,35908,,1.0,2,1.0,0.9994897959183674,,49,,1.0,0,0.9994897959183674,49,49,50,49
msg_1966,node49,node6,228,35907,35908,,1.0,2,1.0,0.9994897959183674,,49,,1.0,0,0.9994897959183674,49,49,50,49
msg_1967,node49,node7,228,35907,35908,,1.0,2,1.0,0.9994897959183674,,49,,1.0,0,0.9994897959183674,49,49,50,49
msg_1968,node49,node8,228,35907,35908,,1.0,2,1.0,0.9994897959183674,,49,,1.0,0,0.9994897959183674,49,49,50,49
msg_1969,node49,node9,228,35907,35908,,1.0,2,1.0,0.9994897959183674,,49,,1.0,0,0.9994897959183674,49,49,50,49
msg_1970,node49,node10,229,35907,35908,,1.0,2,1.0,0.9994897959183674,,49,,1.0,0,0.9994897959183674,49,49,50,49
msg_1971,node49,node11,229,35907,35908,,1.0,2,1.0,0.9994897959183674,,49,,1.0,0,0.9994897959183674,49,49,50,49
msg_1972,node49,node12,229,35907,35908,,1.0,2,1.0,0.9994897959183674,,49,,1.0,0,0.9994897959183674,49,49,50,49
msg_1973,node49,node13,229,35907,35908,,1.0,2,1.0,0.9994897959183674,,49,,1.0,0,0.9994897959183674,49,49,50,49
msg_1974,node49,node14,229,35907,35908,,1.0,2,1.0,0.9994897959183674,,49,,1.0,0,0.9994897959183674,49,49,50,49
msg_1975,node49,node15,229,35907,35908,,1.0,2,1.0,0.9994897959183674,,49,,1.0,0,0.9994897959183674,49,49,50,49
msg_1976,node49,node16,229,35907,35908,,1.0,2,1.0,0.9994897959183674,,49,,1.0,0,0.9994897959183674,49,49,50,49
msg_1977,node49,node17,229,35907,35908,,1.0,2,1.0,0.9994897959183674,,49,,1.0,0,0.9994897959183674,49,49,50,49
msg_1978,node49,node18,229,35907,35908,,1.0,2,1.0,0.9994897959183674,,49,,1.0,0,0.9994897959183674,49,49,50,49
msg_1979,node49,node19,229,35907,35908,,1.0,2,1.0,0.9994897959183674,,49,,1.0,0,0.9994897959183674,49,49,50,49
msg_1980,node49,node20,229,35907,35908,,1.0,2,1.0,0.9994897959183674,,49,,1.0,0,0.9994897959183674,49,49,50,49
msg_1981,node49,node21,229,35907,35908,,1.0,2,1.0,0.9994897959183674,,49,,1.0,0,0.9994897959183674,49,49,50,49
msg_1982,node49,node22,229,35907,35908,,1.0,2,1.0,0.9994897959183674,,49,,1.0,0,0.9994897959183674,49,49,50,49
msg_1983,node49,node23,229,35907,35908,,1.0,2,1.0,0.9994897959183674,,49,,1.0,0,0.9994897959183674,49,49,50,49
msg_1984,node49,node24,229,35907,35908,,1.0,2,1.0,0.9994897959183674,,49,,1.0,0,0.9994897959183674,49,49,50,49
msg_1985,node49,node25,229,35907,35908,,1.0,2,1.0,0.9994897959183674,,49,,1.0,0,0.9994897959183674,49,49,50,49
msg_1986,node49,node26,229,35907,35908,,1.0,2,1.0,0.9994897959183674,,49,,1.0,0,0.9994897959183674,49,49,50,49
msg_1987,node49,node27,229,35907,35908,,1.0,2,1.0,0.9994897959183674,,49,,1.0,0,0.9994897959183674,49,49,50,49
msg_1988,node49,node28,229,35907,35908,,1.0,2,1.0,0.9994897959183674,,49,,1.0,0,0.9994897959183674,49,49,50,49
msg_1989,node49,node29,229,35907,35908,,1.0,2,1.0,0.9994897959183674,,49,,1.0,0,0.9994897959183674,49,49,50,49
msg_1990,node49,node30,229,35907,35908,,1.0,2,1.0,0.9994897959183674,,49,,1.0,0,0.9994897959183674,49,49,50,49
msg_1991,node49,node31,229,35907,35908,,1.0,2,1.0,0.9994897959183674,,49,,1.0,0,0.9994897959183674,49,49,50,49
msg_1992,node49,node32,229,35907,35908,,1.0,2,1.0,0.9994897959183674,,49,,1.0,0,0.9994897959183674,49,49,50,49
msg_1993,node49,node33,229,35907,35908,,1.0,2,1.0,0.9994897959183674,,49,,1.0,0,0.9994897959183674,49,49,50,49
msg_1994,node49,node34,229,35907,35908,,1.0,2,1.0,0.9994897959183674,,49,,1.0,0,0.9994897959183674,49,49,50,49
msg_1995,node49,node35,229,35907,35908,,1.0,2,1.0,0.9994897959183674,,49,,1.0,0,0.9994897959183674,49,49,50,49
msg_1996,node49,node36,229,35907,35908,,1.0,2,1.0,0.9994897959183674,,49,,1.0,0,0.9994897959183674,49,49,50,49
msg_1997,node49,node37,229,35907,35908,,1.0,2,1.0,0.9994897959183674,,49,,1.0,0,0.9994897959183674,49,49,50,49
msg_1998,node49,node38,229,35907,35908,,1.0,2,1.0,0.9994897959183674,,49,,1.0,0,0.9994897959183674,49,49,50,49
msg_1999,node49,node39,229,35907,35908,,1.0,2,1.0,0.9994897959183674,,49,,1.0,0,0.9994897959183674,49,49,50,49
msg_2000,node49,node40,229,35907,35908,,1.0,2,1.0,0.9994897959183674,,49,,1.0,0,0.9994897959183674,49,49,50,49
msg_2001,node49,node41,229,35907,35908,,1.0,2,1.0,0.9994897959183674,,49,,1.0,0,0.9994897959183674,49,49,50,49
msg_2002,node49,node42,229,35907,35908,,1.0,2,1.0,0.9994897959183674,,49,,1.0,0,0.9994897959183674,49,49,50,49
msg_2003,node49,node43,229,35907,35908,,1.0,2,1.0,0.9994897959183674,,49,,1.0,0,0.9994897959183674,49,49,50,49
msg_2004,node49,node44,229,35907,35908,,1.0,2,1.0,0.9994897959183674,,49,,1.0,0,0.9994897959183674,49,49,50,49
msg_2005,node49,node45,229,35907,35908,,1.0,2,1.0,0.9994897959183674,,49,,1.0,0,0.9994897959183674,49,49,50,49
msg_2006,node49,node46,229,35907,35908,,1.0,2,1.0,0.9994897959183674,,49,,1.0,0,0.9994897959183674,49,49,50,49
msg_2007,node49,node47,229,35907,35908,,1.0,2,1.0,0.9994897959183674,,49,,1.0,0,0.9994897959183674,49,49,50,49
msg_2008,node49,node48,229,35907,35908,,1.0,2,1.0,0.9994897959183674,,49,,1.0,0,0.9994897959183674,49,49,50,49
msg_2009,node49,node0,228,37874,37875,,1.0,2,1.0,0.9995022399203584,,49,,0.975609756097561,0,0.9995022399203584,49,49,50,49
msg_2010,node49,node1,228,37874,37875,,1.0,2,1.0,0.9995022399203584,,49,,1.0,0,0.9995022399203584,49,49,50,49
msg_2011,node49,node2,228,37874,37875,,1.0,2,1.0,0.9995022399203584,,49,,1.0,0,0.9995022399203584,49,49,50,49
msg_2012,node49,node3,228,37874,37875,,1.0,2,1.0,0.9995022399203584,,49,,1.0,0,0.9995022399203584,49,49,50,49
msg_2013,node49,node4,228,37874,37875,,1.0,2,1.0,0.9995022399203584,,49,,1.0,0,0.9995022399203584,49,49,50,49
msg_2014,node49,node5,228,37874,37875,,1.0,2,1.0,0.9995022399203584,,49,,1.0,0,0.9995022399203584,49,49,50,49
msg_2015,node49,node6,228,37874,37875,,1.0,2,1.0,0.9995022399203584,,49,,1.0,0,0.9995022399203584,49,49,50,49
msg_2016,node49,node7,228,37874,37875,,1.0,2,1.0,0.9995022399203584,,49,,1.0,0,0.9995022399203584,49,49,50,49
msg_2017,node49,node8,228,37874,37875,,1.0,2,1.0,0.9995022399203584,,49,,1.0,0,0.9995022399203584,49,49,50,49
msg_2018,node49,node9,228,37874,37875,,1.0,2,1.0,0.9995022399203584,,49,,1.0,0,0.9995022399203584,49,49,50,49
msg_2019,node49,node10,229,37874,37875,,1.0,2,1.0,0.9995022399203584,,49,,1.0,0,0.9995022399203584,49,49,50,49
msg_2020,node49,node11,229,37874,37875,,1.0,2,1.0,0.9995022399203584,,49,,1.0,0,0.9995022399203584,49,49,50,49
msg_2021,node49,node12,229,37874,37875,,1.0,2,1.0,0.9995022399203584,,49,,1.0,0,0.9995022399203584,49,49,50,49
msg_2022,node49,node13,229,37874,37875,,1.0,2,1.0,0.9995022399203584,,49,,1.0,0,0.9995022399203584,49,49,50,49
msg_2023,node49,node14,229,37874,37875,,1.0,2,1.0,0.9995022399203584,,49,,1.0,0,0.9995022399203584,49,49,50,49
msg_2024,node49,node15,229,37874,37875,,1.0,2,1.0,0.9995022399203584,,49,,1.0,0,0.9995022399203584,49,49,50,49
msg_2025,node49,node16,229,37874,37875,,1.0,2,1.0,0.9995022399203584,,49,,1.0,0,0.9995022399203584,49,49,50,49
msg_2026,node49,node17,229,37874,37875,,1.0,2,1.0,0.9995022399203584,,49,,1.0,0,0.9995022399203584,49,49,50,49
msg_2027,node49,node18,229,37874,37875,,1.0,2,1.0,0.9995022399203584,,49,,1.0,0,0.9995022399203584,49,49,50,49
msg_2028,node49,node19,229,37874,37875,,1.0,2,1.0,0.9995022399203584,,49,,1.0,0,0.9995022399203584,49,49,50,49
msg_2029,node49,node20,229,37874,37875,,1.0,2,1.0,0.9995022399203584,,49,,1.0,0,0.9995022399203584,49,49,50,49
msg_2030,node49,node21,229,37874,37875,,1.0,2,1.0,0.9995022399203584,,49,,1.0,0,0.9995022399203584,49,49,50,49
msg_2031,node49,node22,229,37874,37875,,1.0,2,1.0,0.9995022399203584,,49,,1.0,0,0.9995022399203584,49,49,50,49
msg_2032,node49,node23,229,37874,37875,,1.0,2,1.0,0.9995022399203584,,49,,1.0,0,0.9995022399203584,49,49,50,49
msg_2033,node49,node24,229,37874,37875,,1.0,2,1.0,0.9995022399203584,,49,,1.0,0,0.9995022399203584,49,49,50,49
msg_2034,node49,node25,229,37874,37875,,1.0,2,1.0,0.9995022399203584,,49,,1.0,0,0.9995022399203584,49,49,50,49
msg_2035,node49,node26,229,37874,37875,,1.0,2,1.0,0.9995022399203584,,49,,1.0,0,0.9995022399203584,49,49,50,49
msg_2036,node49,node27,229,37874,37875,,1.0,2,1.0,0.9995022399203584,,49,,1.0,0,0.9995022399203584,49,49,50,49
msg_2037,node49,node28,229,37874,37875,,1.0,2,1.0,0.9995022399203584,,49,,1.0,0,0.9995022399203584,49,49,50,49
msg_2038,node49,node29,229,37874,37875,,1.0,2,1.0,0.9995022399203584,,49,,1.0,0,0.9995022399203584,49,49,50,49
msg_2039,node49,node30,229,37874,37875,,1.0,2,1.0,0.9995022399203584,,49,,1.0,0,0.9995022399203584,49,49,50,49
msg_2040,node49,node31,229,37874,37875,,1.0,2,1.0,0.9995022399203584,,49,,1.0,0,0.9995022399203584,49,49,50,49
msg_2041,node49,node32,229,37874,37875,,1.0,2,1.0,0.9995022399203584,,49,,1.0,0,0.9995022399203584,49,49,50,49
msg_2042,node49,node33,229,37874,37875,,1.0,2,1.0,0.9995022399203584,,49,,1.0,0,0.9995022399203584,49,49,50,49
msg_2043,node49,node34,229,37874,37875,,1.0,2,1.0,0.9995022399203584,,49,,1.0,0,0.9995022399203584,49,49,50,49
msg_2044,node49,node35,229,37874,37875,,1.0,2,1.0,0.9995022399203584,,49,,1.0,0,0.9995022399203584,49,49,50,49
msg_2045,node49,node36,229,37874,37875,,1.0,2,1.0,0.9995022399203584,,49,,1.0,0,0.9995022399203584,49,49,50,49
msg_2046,node49,node37,229,37874,37875,,1.0,2,1.0,0.9995022399203584,,49,,1.0,0,0.9995022399203584,49,49,50,49
msg_2047,node49,node38,229,37874,37875,,1.0,2,1.0,0.9995022399203584,,49,,1.0,0,0.9995022399203584,49,49,50,49
msg_2048,node49,node39,229,37874,37875,,1.0,2,1.0,0.9995022399203584,,49,,1.0,0,0.9995022399203584,49,49,50,49
msg_2049,node49,node40,229,37874,37875,,1.0,2,1.0,0.9995022399203584,,49,,1.0,0,0.9995022399203584,49,49,50,49
msg_2050,node49,node41,229,37874,37875,,1.0,2,1.0,0.9995022399203584,,49,,1.0,0,0.9995022399203584,49,49,50,49
msg_2051,node49,node42,229,37874,37875,,1.0,2,1.0,0.9995022399203584,,49,,1.0,0,0.9995022399203584,49,49,50,49
msg_2052,node49,node43,229,37874,37875,,1.0,2,1.0,0.9995022399203584,,49,,1.0,0,0.9995022399203584,49,49,50,49
msg_2053,node49,node44,229,37874,37875,,1.0,2,1.0,0.9995022399203584,,49,,1.0,0,0.9995022399203584,49,49,50,49
msg_2054,node49,node45,229,37874,37875,,1.0,2,1.0,0.9995022399203584,,49,,1.0,0,0.9995022399203584,49,49,50,49
msg_2055,node49,node46,229,37874,37875,,1.0,2,1.0,0.9995022399203584,,49,,1.0,0,0.9995022399203584,49,49,50,49
msg_2056,node49,node47,229,37874,37875,,1.0,2,1.0,0.9995022399203584,,49,,1.0,0,0.9995022399203584,49,49,50,49
msg_2057,node49,node48,229,37874,37875,,1.0,2,1.0,0.9995022399203584,,49,,1.0,0,0.9995022399203584,49,49,50,49
msg_2058,node49,node0,228,38003,38004,,1.0,2,1.0,0.999514091350826,,49,,0.9761904761904762,0,0.999514091350826,49,49,50,49
msg_2059,node49,node1,228,38003,38004,,1.0,2,1.0,0.999514091350826,,49,,1.0,0,0.999514091350826,49,49,50,49
msg_2060,node49,node2,228,38003,38004,,1.0,2,1.0,0.999514091350826,,49,,1.0,0,0.999514091350826,49,49,50,49
msg_2061,node49,node3,228,38003,38004,,1.0,2,1.0,0.999514091350826,,49,,1.0,0,0.999514091350826,49,49,50,49
msg_2062,node49,node4,228,38003,38004,,1.0,2,1.0,0.999514091350826,,49,,1.0,0,0.999514091350826,49,49,50,49
msg_2063,node49,node5,228,38003,38004,,1.0,2,1.0,0.999514091350826,,49,,1.0,0,0.999514091350826,49,49,50,49
msg_2064,node49,node6,228,38003,38004,,1.0,2,1.0,0.999514091350826,,49,,1.0,0,0.999514091350826,49,49,50,49
msg_2065,node49,node7,228,38003,38004,,1.0,2,1.0,0.999514091350826,,49,,1.0,0,0.999514091350826,49,49,50,49
msg_2066,node49,node8,228,38003,38004,,1.0,2,1.0,0.999514091350826,,49,,1.0,0,0.999514091350826,49,49,50,49
msg_2067,node49,node9,228,38003,38004,,1.0,2,1.0,0.999514091350826,,49,,1.0,0,0.999514091350826,49,49,50,49
msg_2068,node49,node10,229,38003,38004,,1.0,2,1.0,0.999514091350826,,49,,1.0,0,0.999514091350826,49,49,50,49
msg_2069,node49,node11,229,38003,38004,,1.0,2,1.0,0.999514091350826,,49,,1.0,0,0.999514091350826,49,49,50,49
msg_2070,node49,node12,229,38003,38004,,1.0,2,1.0,0.999514091350826,,49,,1.0,0,0.999514091350826,49,49,50,49
msg_2071,node49,node13,229,38003,38004,,1.0,2,1.0,0.999514091350826,,49,,1.0,0,0.999514091350826,49,49,50,49
msg_2072,node49,node14,229,38003,38004,,1.0,2,1.0,0.999514091350826,,49,,1.0,0,0.999514091350826,49,49,50,49
msg_2073,node49,node15,229,38003,38004,,1.0,2,1.0,0.999514091350826,,49,,1.0,0,0.999514091350826,49,49,50,49
msg_2074,node49,node16,229,38003,38004,,1.0,2,1.0,0.999514091350826,,49,,1.0,0,0.999514091350826,49,49,50,49
msg_2075,node49,node17,229,38003,38004,,1.0,2,1.0,0.999514091350826,,49,,1.0,0,0.999514091350826,49,49,50,49
msg_2076,node49,node18,229,38003,38004,,1.0,2,1.0,0.999514091350826,,49,,1.0,0,0.999514091350826,49,49,50,49
msg_2077,node49,node19,229,38003,38004,,1.0,2,1.0,0.999514091350826,,49,,1.0,0,0.999514091350826,49,49,50,49
msg_2078,node49,node20,229,38003,38004,,1.0,2,1.0,0.999514091350826,,49,,1.0,0,0.999514091350826,49,49,50,49
msg_2079,node49,node21,229,38003,38004,,1.0,2,1.0,0.999514091350826,,49,,1.0,0,0.999514091350826,49,49,50,49
msg_2080,node49,node22,229,38003,38004,,1.0,2,1.0,0.999514091350826,,49,,1.0,0,0.999514091350826,49,49,50,49
msg_2081,node49,node23,229,38003,38004,,1.0,2,1.0,0.999514091350826,,49,,1.0,0,0.999514091350826,49,49,50,49
msg_2082,node49,node24,229,38003,38004,,1.0,2,1.0,0.999514091350826,,49,,1.0,0,0.999514091350826,49,49,50,49
msg_2083,node49,node25,229,38003,38004,,1.0,2,1.0,0.999514091350826,,49,,1.0,0,0.999514091350826,49,49,50,49
msg_2084,node49,node26,229,38003,38004,,1.0,2,1.0,0.999514091350826,,49,,1.0,0,0.999514091350826,49,49,50,49
msg_2085,node49,node27,229,38003,38004,,1.0,2,1.0,0.999514091350826,,49,,1.0,0,0.999514091350826,49,49,50,49
msg_2086,node49,node28,229,38003,38004,,1.0,2,1.0,0.999514091350826,,49,,1.0,0,0.999514091350826,49,49,50,49
msg_2087,node49,node29,229,38003,38004,,1.0,2,1.0,0.999514091350826,,49,,1.0,0,0.999514091350826,49,49,50,49
msg_2088,node49,node30,229,38003,38004,,1.0,2,1.0,0.999514091350826,,49,,1.0,0,0.999514091350826,49,49,50,49
msg_2089,node49,node31,229,38003,38004,,1.0,2,1.0,0.999514091350826,,49,,1.0,0,0.999514091350826,49,49,50,49
msg_2090,node49,node32,229,38003,38004,,1.0,2,1.0,0.999514091350826,,49,,1.0,0,0.999514091350826,49,49,50,49
msg_2091,node49,node33,229,38003,38004,,1.0,2,1.0,0.999514091350826,,49,,1.0,0,0.999514091350826,49,49,50,49
msg_2092,node49,node34,229,38003,38004,,1.0,2,1.0,0.999514091350826,,49,,1.0,0,0.999514091350826,49,49,50,49
msg_2093,node49,node35,229,38003,38004,,1.0,2,1.0,0.999514091350826,,49,,1.0,0,0.999514091350826,49,49,50,49
msg_2094,node49,node36,229,38003,38004,,1.0,2,1.0,0.999514091350826,,49,,1.0,0,0.999514091350826,49,49,50,49
msg_2095,node49,node37,229,38003,38004,,1.0,2,1.0,0.999514091350826,,49,,1.0,0,0.999514091350826,49,49,50,49
msg_2096,node49,node38,229,38003,38004,,1.0,2,1.0,0.999514091350826,,49,,1.0,0,0.999514091350826,49,49,50,49
msg_2097,node49,node39,229,38003,38004,,1.0,2,1.0,0.999514091350826,,49,,1.0,0,0.999514091350826,49,49,50,49
msg_2098,node49,node40,229,38003,38004,,1.0,2,1.0,0.999514091350826,,49,,1.0,0,0.999514091350826,49,49,50,49
msg_2099,node49,node41,229,38003,38004,,1.0,2,1.0,0.999514091350826,,49,,1.0,0,0.999514091350826,49,49,50,49
msg_2100,node49,node42,229,38003,38004,,1.0,2,1.0,0.999514091350826,,49,,1.0,0,0.999514091350826,49,49,50,49
msg_2101,node49,node43,229,38003,38004,,1.0,2,1.0,0.999514091350826,,49,,1.0,0,0.999514091350826,49,49,50,49
msg_2102,node49,node44,229,38003,38004,,1.0,2,1.0,0.999514091350826,,49,,1.0,0,0.999514091350826,49,49,50,49
msg_2103,node49,node45,229,38003,38004,,1.0,2,1.0,0.999514091350826,,49,,1.0,0,0.999514091350826,49,49,50,49
msg_2104,node49,node46,229,38003,38004,,1.0,2,1.0,0.999514091350826,,49,,1.0,0,0.999514091350826,49,49,50,49
msg_2105,node49,node47,229,38003,38004,,1.0,2,1.0,0.999514091350826,,49,,1.0,0,0.999514091350826,49,49,50,49
msg_2106,node49,node48,229,38003,38004,,1.0,2,1.0,0.999514091350826,,49,,1.0,0,0.999514091350826,49,49,50,49
msg_2107,node49,node0,228,38406,38407,,1.0,2,1.0,0.9995253915519696,,49,,0.9767441860465116,0,0.9995253915519696,49,49,50,49
msg_2108,node49,node1,228,38406,38407,,1.0,2,1.0,0.9995253915519696,,49,,1.0,0,0.9995253915519696,49,49,50,49
msg_2109,node49,node2,228,38406,38407,,1.0,2,1.0,0.9995253915519696,,49,,1.0,0,0.9995253915519696,49,49,50,49
msg_2110,node49,node3,228,38406,38407,,1.0,2,1.0,0.9995253915519696,,49,,1.0,0,0.9995253915519696,49,49,50,49
msg_2111,node49,node4,228,38406,38407,,1.0,2,1.0,0.9995253915519696,,49,,1.0,0,0.9995253915519696,49,49,50,49
msg_2112,node49,node5,228,38406,38407,,1.0,2,1.0,0.9995253915519696,,49,,1.0,0,0.9995253915519696,49,49,50,49
msg_2113,node49,node6,228,38406,38407,,1.0,2,1.0,0.9995253915519696,,49,,1.0,0,0.9995253915519696,49,49,50,49
msg_2114,node49,node7,228,38406,38407,,1.0,2,1.0,0.9995253915519696,,49,,1.0,0,0.9995253915519696,49,49,50,49
msg_2115,node49,node8,228,38406,38407,,1.0,2,1.0,0.9995253915519696,,49,,1.0,0,0.9995253915519696,49,49,50,49
msg_2116,node49,node9,228,38406,38407,,1.0,2,1.0,0.9995253915519696,,49,,1.0,0,0.9995253915519696,49,49,50,49
msg_2117,node49,node10,229,38406,38407,,1.0,2,1.0,0.9995253915519696,,49,,1.0,0,0.9995253915519696,49,49,50,49
msg_2118,node49,node11,229,38406,38407,,1.0,2,1.0,0.9995253915519696,,49,,1.0,0,0.9995253915519696,49,49,50,49
msg_2119,node49,node12,229,38406,38407,,1.0,2,1.0,0.9995253915519696,,49,,1.0,0,0.9995253915519696,49,49,50,49
msg_2120,node49,node13,229,38406,38407,,1.0,2,1.0,0.9995253915519696,,49,,1.0,0,0.9995253915519696,49,49,50,49
msg_2121,node49,node14,229,38406,38407,,1.0,2,1.0,0.9995253915519696,,49,,1.0,0,0.9995253915519696,49,49,50,49
msg_2122,node49,node15,229,38406,38407,,1.0,2,1.0,0.9995253915519696,,49,,1.0,0,0.9995253915519696,49,49,50,49
msg_2123,node49,node16,229,38406,38407,,1.0,2,1.0,0.9995253915519696,,49,,1.0,0,0.9995253915519696,49,49,50,49
msg_2124,node49,node17,229,38406,38407,,1.0,2,1.0,0.9995253915519696,,49,,1.0,0,0.9995253915519696,49,49,50,49
msg_2125,node49,node18,229,38406,38407,,1.0,2,1.0,0.9995253915519696,,49,,1.0,0,0.9995253915519696,49,49,50,49
msg_2126,node49,node19,229,38406,38407,,1.0,2,1.0,0.9995253915519696,,49,,1.0,0,0.9995253915519696,49,49,50,49
msg_2127,node49,node20,229,38406,38407,,1.0,2,1.0,0.9995253915519696,,49,,1.0,0,0.9995253915519696,49,49,50,49
msg_2128,node49,node21,229,38406,38407,,1.0,2,1.0,0.9995253915519696,,49,,1.0,0,0.9995253915519696,49,49,50,49
msg_2129,node49,node22,229,38406,38407,,1.0,2,1.0,0.9995253915519696,,49,,1.0,0,0.9995253915519696,49,49,50,49
msg_2130,node49,node23,229,38406,38407,,1.0,2,1.0,0.9995253915519696,,49,,1.0,0,0.9995253915519696,49,49,50,49
msg_2131,node49,node24,229,38406,38407,,1.0,2,1.0,0.9995253915519696,,49,,1.0,0,0.9995253915519696,49,49,50,49
msg_2132,node49,node25,229,38406,38407,,1.0,2,1.0,0.9995253915519696,,49,,1.0,0,0.9995253915519696,49,49,50,49
msg_2133,node49,node26,229,38406,38407,,1.0,2,1.0,0.9995253915519696,,49,,1.0,0,0.9995253915519696,49,49,50,49
msg_2134,node49,node27,229,38406,38407,,1.0,2,1.0,0.9995253915519696,,49,,1.0,0,0.9995253915519696,49,49,50,49
msg_2135,node49,node28,229,38406,38407,,1.0,2,1.0,0.9995253915519696,,49,,1.0,0,0.9995253915519696,49,49,50,49
msg_2136,node49,node29,229,38406,38407,,1.0,2,1.0,0.9995253915519696,,49,,1.0,0,0.9995253915519696,49,49,50,49
msg_2137,node49,node30,229,38406,38407,,1.0,2,1.0,0.9995253915519696,,49,,1.0,0,0.9995253915519696,49,49,50,49
msg_2138,node49,node31,229,38406,38407,,1.0,2,1.0,0.9995253915519696,,49,,1.0,0,0.9995253915519696,49,49,50,49
msg_2139,node49,node32,229,38406,38407,,1.0,2,1.0,0.9995253915519696,,49,,1.0,0,0.9995253915519696,49,49,50,49
msg_2140,node49,node33,229,38406,38407,,1.0,2,1.0,0.9995253915519696,,49,,1.0,0,0.9995253915519696,49,49,50,49
msg_2141,node49,node34,229,38406,38407,,1.0,2,1.0,0.9995253915519696,,49,,1.0,0,0.9995253915519696,49,49,50,49
msg_2142,node49,node35,229,38406,38407,,1.0,2,1.0,0.9995253915519696,,49,,1.0,0,0.9995253915519696,49,49,50,49
msg_2143,node49,node36,229,38406,38407,,1.0,2,1.0,0.9995253915519696,,49,,1.0,0,0.9995253915519696,49,49,50,49
msg_2144,node49,node37,229,38406,38407,,1.0,2,1.0,0.9995253915519696,,49,,1.0,0,0.9995253915519696,49,49,50,49
msg_2145,node49,node38,229,38406,38407,,1.0,2,1.0,0.9995253915519696,,49,,1.0,0,0.9995253915519696,49,49,50,49
msg_2146,node49,node39,229,38406,38407,,1.0,2,1.0,0.9995253915519696,,49,,1.0,0,0.9995253915519696,49,49,50,49
msg_2147,node49,node40,229,38406,38407,,1.0,2,1.0,0.9995253915519696,,49,,1.0,0,0.9995253915519696,49,49,50,49
msg_2148,node49,node41,229,38406,38407,,1.0,2,1.0,0.9995253915519696,,49,,1.0,0,0.9995253915519696,49,49,50,49
msg_2149,node49,node42,229,38406,38407,,1.0,2,1.0,0.9995253915519696,,49,,1.0,0,0.9995253915519696,49,49,50,49
msg_2150,node49,node43,229,38406,38407,,1.0,2,1.0,0.9995253915519696,,49,,1.0,0,0.9995253915519696,49,49,50,49
msg_2151,node49,node44,229,38406,38407,,1.0,2,1.0,0.9995253915519696,,49,,1.0,0,0.9995253915519696,49,49,50,49
msg_2152,node49,node45,229,38406,38407,,1.0,2,1.0,0.9995253915519696,,49,,1.0,0,0.9995253915519696,49,49,50,49
msg_2153,node49,node46,229,38406,38407,,1.0,2,1.0,0.9995253915519696,,49,,1.0,0,0.9995253915519696,49,49,50,49
msg_2154,node49,node47,229,38406,38407,,1.0,2,1.0,0.9995253915519696,,49,,1.0,0,0.9995253915519696,49,49,50,49
msg_2155,node49,node48,229,38406,38407,,1.0,2,1.0,0.9995253915519696,,49,,1.0,0,0.9995253915519696,49,49,50,49
msg_2156,node49,node0,228,39684,39685,,1.0,2,1.0,0.9995361781076066,,49,,0.9772727272727273,0,0.9995361781076066,49,49,50,49
msg_2157,node49,node1,228,39684,39685,,1.0,2,1.0,0.9995361781076066,,49,,1.0,0,0.9995361781076066,49,49,50,49
msg_2158,node49,node2,228,39684,39685,,1.0,2,1.0,0.9995361781076066,,49,,1.0,0,0.9995361781076066,49,49,50,49
msg_2159,node49,node3,228,39684,39685,,1.0,2,1.0,0.9995361781076066,,49,,1.0,0,0.9995361781076066,49,49,50,49
msg_2160,node49,node4,228,39684,39685,,1.0,2,1.0,0.9995361781076066,,49,,1.0,0,0.9995361781076066,49,49,50,49
msg_2161,node49,node5,228,39684,39685,,1.0,2,1.0,0.9995361781076066,,49,,1.0,0,0.9995361781076066,49,49,50,49
msg_2162,node49,node6,228,39684,39685,,1.0,2,1.0,0.9995361781076066,,49,,1.0,0,0.9995361781076066,49,49,50,49
msg_2163,node49,node7,228,39684,39685,,1.0,2,1.0,0.9995361781076066,,49,,1.0,0,0.9995361781076066,49,49,50,49
msg_2164,node49,node8,228,39684,39685,,1.0,2,1.0,0.9995361781076066,,49,,1.0,0,0.9995361781076066,49,49,50,49
msg_2165,node49,node9,228,39684,39685,,1.0,2,1.0,0.9995361781076066,,49,,1.0,0,0.9995361781076066,49,49,50,49
msg_2166,node49,node10,229,39684,39685,,1.0,2,1.0,0.9995361781076066,,49,,1.0,0,0.9995361781076066,49,49,50,49
msg_2167,node49,node11,229,39684,39685,,1.0,2,1.0,0.9995361781076066,,49,,1.0,0,0.9995361781076066,49,49,50,49
msg_2168,node49,node12,229,39684,39685,,1.0,2,1.0,0.9995361781076066,,49,,1.0,0,0.9995361781076066,49,49,50,49
msg_2169,node49,node13,229,39684,39685,,1.0,2,1.0,0.9995361781076066,,49,,1.0,0,0.9995361781076066,49,49,50,49
msg_2170,node49,node14,229,39684,39685,,1.0,2,1.0,0.9995361781076066,,49,,1.0,0,0.9995361781076066,49,49,50,49
msg_2171,node49,node15,229,39684,39685,,1.0,2,1.0,0.9995361781076066,,49,,1.0,0,0.9995361781076066,49,49,50,49
msg_2172,node49,node16,229,39684,39685,,1.0,2,1.0,0.9995361781076066,,49,,1.0,0,0.9995361781076066,49,49,50,49
msg_2173,node49,node17,229,39684,39685,,1.0,2,1.0,0.9995361781076066,,49,,1.0,0,0.9995361781076066,49,49,50,49
msg_2174,node49,node18,229,39684,39685,,1.0,2,1.0,0.9995361781076066,,49,,1.0,0,0.9995361781076066,49,49,50,49
msg_2175,node49,node19,229,39684,39685,,1.0,2,1.0,0.9995361781076066,,49,,1.0,0,0.9995361781076066,49,49,50,49
msg_2176,node49,node20,229,39684,39685,,1.0,2,1.0,0.9995361781076066,,49,,1.0,0,0.9995361781076066,49,49,50,49
msg_2177,node49,node21,229,39684,39685,,1.0,2,1.0,0.9995361781076066,,49,,1.0,0,0.9995361781076066,49,49,50,49
msg_2178,node49,node22,229,39684,39685,,1.0,2,1.0,0.9995361781076066,,49,,1.0,0,0.9995361781076066,49,49,50,49
msg_2179,node49,node23,229,39684,39685,,1.0,2,1.0,0.9995361781076066,,49,,1.0,0,0.9995361781076066,49,49,50,49
msg_2180,node49,node24,229,39684,39685,,1.0,2,1.0,0.9995361781076066,,49,,1.0,0,0.9995361781076066,49,49,50,49
msg_2181,node49,node25,229,39684,39685,,1.0,2,1.0,0.9995361781076066,,49,,1.0,0,0.9995361781076066,49,49,50,49
msg_2182,node49,node26,229,39684,39685,,1.0,2,1.0,0.9995361781076066,,49,,1.0,0,0.9995361781076066,49,49,50,49
msg_2183,node49,node27,229,39684,39685,,1.0,2,1.0,0.9995361781076066,,49,,1.0,0,0.9995361781076066,49,49,50,49
msg_2184,node49,node28,229,39684,39685,,1.0,2,1.0,0.9995361781076066,,49,,1.0,0,0.9995361781076066,49,49,50,49
msg_2185,node49,node29,229,39684,39685,,1.0,2,1.0,0.9995361781076066,,49,,1.0,0,0.9995361781076066,49,49,50,49
msg_2186,node49,node30,229,39684,39685,,1.0,2,1.0,0.9995361781076066,,49,,1.0,0,0.9995361781076066,49,49,50,49
msg_2187,node49,node31,229,39684,39685,,1.0,2,1.0,0.9995361781076066,,49,,1.0,0,0.9995361781076066,49,49,50,49
msg_2188,node49,node32,229,39684,39685,,1.0,2,1.0,0.9995361781076066,,49,,1.0,0,0.9995361781076066,49,49,50,49
msg_2189,node49,node33,229,39684,39685,,1.0,2,1.0,0.9995361781076066,,49,,1.0,0,0.9995361781076066,49,49,50,49
msg_2190,node49,node34,229,39684,39685,,1.0,2,1.0,0.9995361781076066,,49,,1.0,0,0.9995361781076066,49,49,50,49
msg_2191,node49,node35,229,39684,39685,,1.0,2,1.0,0.9995361781076066,,49,,1.0,0,0.9995361781076066,49,49,50,49
msg_2192,node49,node36,229,39684,39685,,1.0,2,1.0,0.9995361781076066,,49,,1.0,0,0.9995361781076066,49,49,50,49
msg_2193,node49,node37,229,39684,39685,,1.0,2,1.0,0.9995361781076066,,49,,1.0,0,0.9995361781076066,49,49,50,49
msg_2194,node49,node38,229,39684,39685,,1.0,2,1.0,0.9995361781076066,,49,,1.0,0,0.9995361781076066,49,49,50,49
msg_2195,node49,node39,229,39684,39685,,1.0,2,1.0,0.9995361781076066,,49,,1.0,0,0.9995361781076066,49,49,50,49
msg_2196,node49,node40,229,39684,39685,,1.0,2,1.0,0.9995361781076066,,49,,1.0,0,0.9995361781076066,49,49,50,49
msg_2197,node49,node41,229,39684,39685,,1.0,2,1.0,0.9995361781076066,,49,,1.0,0,0.9995361781076066,49,49,50,49
msg_2198,node49,node42,229,39684,39685,,1.0,2,1.0,0.9995361781076066,,49,,1.0,0,0.9995361781076066,49,49,50,49
msg_2199,node49,node43,229,39684,39685,,1.0,2,1.0,0.9995361781076066,,49,,1.0,0,0.9995361781076066,49,49,50,49
msg_2200,node49,node44,229,39684,39685,,1.0,2,1.0,0.9995361781076066,,49,,1.0,0,0.9995361781076066,49,49,50,49
msg_2201,node49,node45,229,39684,39685,,1.0,2,1.0,0.9995361781076066,,49,,1.0,0,0.9995361781076066,49,49,50,49
msg_2202,node49,node46,229,39684,39685,,1.0,2,1.0,0.9995361781076066,,49,,1.0,0,0.9995361781076066,49,49,50,49
msg_2203,node49,node47,229,39684,39685,,1.0,2,1.0,0.9995361781076066,,49,,1.0,0,0.9995361781076066,49,49,50,49
msg_2204,node49,node48,229,39684,39685,,1.0,2,1.0,0.9995361781076066,,49,,1.0,0,0.9995361781076066,49,49,50,49
msg_2205,node49,node0,228,40926,40927,,1.0,2,1.0,0.999546485260771,,49,,0.9777777777777777,0,0.999546485260771,49,49,50,49
msg_2206,node49,node1,228,40926,40927,,1.0,2,1.0,0.999546485260771,,49,,1.0,0,0.999546485260771,49,49,50,49
msg_2207,node49,node2,228,40926,40927,,1.0,2,1.0,0.999546485260771,,49,,1.0,0,0.999546485260771,49,49,50,49
msg_2208,node49,node3,228,40926,40927,,1.0,2,1.0,0.999546485260771,,49,,1.0,0,0.999546485260771,49,49,50,49
msg_2209,node49,node4,228,40926,40927,,1.0,2,1.0,0.999546485260771,,49,,1.0,0,0.999546485260771,49,49,50,49
msg_2210,node49,node5,228,40926,40927,,1.0,2,1.0,0.999546485260771,,49,,1.0,0,0.999546485260771,49,49,50,49
msg_2211,node49,node6,228,40926,40927,,1.0,2,1.0,0.999546485260771,,49,,1.0,0,0.999546485260771,49,49,50,49
msg_2212,node49,node7,228,40926,40927,,1.0,2,1.0,0.999546485260771,,49,,1.0,0,0.999546485260771,49,49,50,49
msg_2213,node49,node8,228,40926,40927,,1.0,2,1.0,0.999546485260771,,49,,1.0,0,0.999546485260771,49,49,50,49
msg_2214,node49,node9,228,40926,40927,,1.0,2,1.0,0.999546485260771,,49,,1.0,0,0.999546485260771,49,49,50,49
msg_2215,node49,node10,229,40926,40927,,1.0,2,1.0,0.999546485260771,,49,,1.0,0,0.999546485260771,49,49,50,49
msg_2216,node49,node11,229,40926,40927,,1.0,2,1.0,0.999546485260771,,49,,1.0,0,0.999546485260771,49,49,50,49
msg_2217,node49,node12,229,40926,40927,,1.0,2,1.0,0.999546485260771,,49,,1.0,0,0.999546485260771,49,49,50,49
msg_2218,node49,node13,229,40926,40927,,1.0,2,1.0,0.999546485260771,,49,,1.0,0,0.999546485260771,49,49,50,49
msg_2219,node49,node14,229,40926,40927,,1.0,2,1.0,0.999546485260771,,49,,1.0,0,0.999546485260771,49,49,50,49
msg_2220,node49,node15,229,40926,40927,,1.0,2,1.0,0.999546485260771,,49,,1.0,0,0.999546485260771,49,49,50,49
msg_2221,node49,node16,229,40926,40927,,1.0,2,1.0,0.999546485260771,,49,,1.0,0,0.999546485260771,49,49,50,49
msg_2222,node49,node17,229,40926,40927,,1.0,2,1.0,0.999546485260771,,49,,1.0,0,0.999546485260771,49,49,50,49
msg_2223,node49,node18,229,40926,40927,,1.0,2,1.0,0.999546485260771,,49,,1.0,0,0.999546485260771,49,49,50,49
msg_2224,node49,node19,229,40926,40927,,1.0,2,1.0,0.999546485260771,,49,,1.0,0,0.999546485260771,49,49,50,49
msg_2225,node49,node20,229,40926,40927,,1.0,2,1.0,0.999546485260771,,49,,1.0,0,0.999546485260771,49,49,50,49
msg_2226,node49,node21,229,40926,40927,,1.0,2,1.0,0.999546485260771,,49,,1.0,0,0.999546485260771,49,49,50,49
msg_2227,node49,node22,229,40926,40927,,1.0,2,1.0,0.999546485260771,,49,,1.0,0,0.999546485260771,49,49,50,49
msg_2228,node49,node23,229,40926,40927,,1.0,2,1.0,0.999546485260771,,49,,1.0,0,0.999546485260771,49,49,50,49
msg_2229,node49,node24,229,40926,40927,,1.0,2,1.0,0.999546485260771,,49,,1.0,0,0.999546485260771,49,49,50,49
msg_2230,node49,node25,229,40926,40927,,1.0,2,1.0,0.999546485260771,,49,,1.0,0,0.999546485260771,49,49,50,49
msg_2231,node49,node26,229,40926,40927,,1.0,2,1.0,0.999546485260771,,49,,1.0,0,0.999546485260771,49,49,50,49
msg_2232,node49,node27,229,40926,40927,,1.0,2,1.0,0.999546485260771,,49,,1.0,0,0.999546485260771,49,49,50,49
msg_2233,node49,node28,229,40926,40927,,1.0,2,1.0,0.999546485260771,,49,,1.0,0,0.999546485260771,49,49,50,49
msg_2234,node49,node29,229,40926,40927,,1.0,2,1.0,0.999546485260771,,49,,1.0,0,0.999546485260771,49,49,50,49
msg_2235,node49,node30,229,40926,40927,,1.0,2,1.0,0.999546485260771,,49,,1.0,0,0.999546485260771,49,49,50,49
msg_2236,node49,node31,229,40926,40927,,1.0,2,1.0,0.999546485260771,,49,,1.0,0,0.999546485260771,49,49,50,49
msg_2237,node49,node32,229,40926,40927,,1.0,2,1.0,0.999546485260771,,49,,1.0,0,0.999546485260771,49,49,50,49
msg_2238,node49,node33,229,40926,40927,,1.0,2,1.0,0.999546485260771,,49,,1.0,0,0.999546485260771,49,49,50,49
msg_2239,node49,node34,229,40926,40927,,1.0,2,1.0,0.999546485260771,,49,,1.0,0,0.999546485260771,49,49,50,49
msg_2240,node49,node35,229,40926,40927,,1.0,2,1.0,0.999546485260771,,49,,1.0,0,0.999546485260771,49,49,50,49
msg_2241,node49,node36,229,40926,40927,,1.0,2,1.0,0.999546485260771,,49,,1.0,0,0.999546485260771,49,49,50,49
msg_2242,node49,node37,229,40926,40927,,1.0,2,1.0,0.999546485260771,,49,,1.0,0,0.999546485260771,49,49,50,49
msg_2243,node49,node38,229,40926,40927,,1.0,2,1.0,0.999546485260771,,49,,1.0,0,0.999546485260771,49,49,50,49
msg_2244,node49,node39,229,40926,40927,,1.0,2,1.0,0.999546485260771,,49,,1.0,0,0.999546485260771,49,49,50,49
msg_2245,node49,node40,229,40926,40927,,1.0,2,1.0,0.999546485260771,,49,,1.0,0,0.999546485260771,49,49,50,49
msg_2246,node49,node41,229,40926,40927,,1.0,2,1.0,0.999546485260771,,49,,1.0,0,0.999546485260771,49,49,50,49
msg_2247,node49,node42,229,40926,40927,,1.0,2,1.0,0.999546485260771,,49,,1.0,0,0.999546485260771,49,49,50,49
msg_2248,node49,node43,229,40926,40927,,1.0,2,1.0,0.999546485260771,,49,,1.0,0,0.999546485260771,49,49,50,49
msg_2249,node49,node44,229,40926,40927,,1.0,2,1.0,0.999546485260771,,49,,1.0,0,0.999546485260771,49,49,50,49
msg_2250,node49,node45,229,40926,40927,,1.0,2,1.0,0.999546485260771,,49,,1.0,0,0.999546485260771,49,49,50,49
msg_2251,node49,node46,229,40926,40927,,1.0,2,1.0,0.999546485260771,,49,,1.0,0,0.999546485260771,49,49,50,49
msg_2252,node49,node47,229,40926,40927,,1.0,2,1.0,0.999546485260771,,49,,1.0,0,0.999546485260771,49,49,50,49
msg_2253,node49,node48,229,40926,40927,,1.0,2,1.0,0.999546485260771,,49,,1.0,0,0.999546485260771,49,49,50,49
msg_2254,node49,node0,228,43682,43683,,1.0,2,1.0,0.9995563442768411,,49,,0.9782608695652174,0,0.9995563442768411,49,49,50,49
msg_2255,node49,node1,228,43682,43683,,1.0,2,1.0,0.9995563442768411,,49,,1.0,0,0.9995563442768411,49,49,50,49
msg_2256,node49,node2,228,43682,43683,,1.0,2,1.0,0.9995563442768411,,49,,1.0,0,0.9995563442768411,49,49,50,49
msg_2257,node49,node3,228,43682,43683,,1.0,2,1.0,0.9995563442768411,,49,,1.0,0,0.9995563442768411,49,49,50,49
msg_2258,node49,node4,228,43682,43683,,1.0,2,1.0,0.9995563442768411,,49,,1.0,0,0.9995563442768411,49,49,50,49
msg_2259,node49,node5,228,43682,43683,,1.0,2,1.0,0.9995563442768411,,49,,1.0,0,0.9995563442768411,49,49,50,49
msg_2260,node49,node6,228,43682,43683,,1.0,2,1.0,0.9995563442768411,,49,,1.0,0,0.9995563442768411,49,49,50,49
msg_2261,node49,node7,228,43682,43683,,1.0,2,1.0,0.9995563442768411,,49,,1.0,0,0.9995563442768411,49,49,50,49
msg_2262,node49,node8,228,43682,43683,,1.0,2,1.0,0.9995563442768411,,49,,1.0,0,0.9995563442768411,49,49,50,49
msg_2263,node49,node9,228,43682,43683,,1.0,2,1.0,0.9995563442768411,,49,,1.0,0,0.9995563442768411,49,49,50,49
msg_2264,node49,node10,229,43682,43683,,1.0,2,1.0,0.9995563442768411,,49,,1.0,0,0.9995563442768411,49,49,50,49
msg_2265,node49,node11,229,43682,43683,,1.0,2,1.0,0.9995563442768411,,49,,1.0,0,0.9995563442768411,49,49,50,49
msg_2266,node49,node12,229,43682,43683,,1.0,2,1.0,0.9995563442768411,,49,,1.0,0,0.9995563442768411,49,49,50,49
msg_2267,node49,node13,229,43682,43683,,1.0,2,1.0,0.9995563442768411,,49,,1.0,0,0.9995563442768411,49,49,50,49
msg_2268,node49,node14,229,43682,43683,,1.0,2,1.0,0.9995563442768411,,49,,1.0,0,0.9995563442768411,49,49,50,49
msg_2269,node49,node15,229,43682,43683,,1.0,2,1.0,0.9995563442768411,,49,,1.0,0,0.9995563442768411,49,49,50,49
msg_2270,node49,node16,229,43682,43683,,1.0,2,1.0,0.9995563442768411,,49,,1.0,0,0.9995563442768411,49,49,50,49
msg_2271,node49,node17,229,43682,43683,,1.0,2,1.0,0.9995563442768411,,49,,1.0,0,0.9995563442768411,49,49,50,49
msg_2272,node49,node18,229,43682,43683,,1.0,2,1.0,0.9995563442768411,,49,,1.0,0,0.9995563442768411,49,49,50,49
msg_2273,node49,node19,229,43682,43683,,1.0,2,1.0,0.9995563442768411,,49,,1.0,0,0.9995563442768411,49,49,50,49
msg_2274,node49,node20,229,43682,43683,,1.0,2,1.0,0.9995563442768411,,49,,1.0,0,0.9995563442768411,49,49,50,49
msg_2275,node49,node21,229,43682,43683,,1.0,2,1.0,0.9995563442768411,,49,,1.0,0,0.9995563442768411,49,49,50,49
msg_2276,node49,node22,229,43682,43683,,1.0,2,1.0,0.9995563442768411,,49,,1.0,0,0.9995563442768411,49,49,50,49
msg_2277,node49,node23,229,43682,43683,,1.0,2,1.0,0.9995563442768411,,49,,1.0,0,0.9995563442768411,49,49,50,49
msg_2278,node49,node24,229,43682,43683,,1.0,2,1.0,0.9995563442768411,,49,,1.0,0,0.9995563442768411,49,49,50,49
msg_2279,node49,node25,229,43682,43683,,1.0,2,1.0,0.9995563442768411,,49,,1.0,0,0.9995563442768411,49,49,50,49
msg_2280,node49,node26,229,43682,43683,,1.0,2,1.0,0.9995563442768411,,49,,1.0,0,0.9995563442768411,49,49,50,49
msg_2281,node49,node27,229,43682,43683,,1.0,2,1.0,0.9995563442768411,,49,,1.0,0,0.9995563442768411,49,49,50,49
msg_2282,node49,node28,229,43682,43683,,1.0,2,1.0,0.9995563442768411,,49,,1.0,0,0.9995563442768411,49,49,50,49
msg_2283,node49,node29,229,43682,43683,,1.0,2,1.0,0.9995563442768411,,49,,1.0,0,0.9995563442768411,49,49,50,49
msg_2284,node49,node30,229,43682,43683,,1.0,2,1.0,0.9995563442768411,,49,,1.0,0,0.9995563442768411,49,49,50,49
msg_2285,node49,node31,229,43682,43683,,1.0,2,1.0,0.9995563442768411,,49,,1.0,0,0.9995563442768411,49,49,50,49
msg_2286,node49,node32,229,43682,43683,,1.0,2,1.0,0.9995563442768411,,49,,1.0,0,0.9995563442768411,49,49,50,49
msg_2287,node49,node33,229,43682,43683,,1.0,2,1.0,0.9995563442768411,,49,,1.0,0,0.9995563442768411,49,49,50,49
msg_2288,node49,node34,229,43682,43683,,1.0,2,1.0,0.9995563442768411,,49,,1.0,0,0.9995563442768411,49,49,50,49
msg_2289,node49,node35,229,43682,43683,,1.0,2,1.0,0.9995563442768411,,49,,1.0,0,0.9995563442768411,49,49,50,49
msg_2290,node49,node36,229,43682,43683,,1.0,2,1.0,0.9995563442768411,,49,,1.0,0,0.9995563442768411,49,49,50,49
msg_2291,node49,node37,229,43682,43683,,1.0,2,1.0,0.9995563442768411,,49,,1.0,0,0.9995563442768411,49,49,50,49
msg_2292,node49,node38,229,43682,43683,,1.0,2,1.0,0.9995563442768411,,49,,1.0,0,0.9995563442768411,49,49,50,49
msg_2293,node49,node39,229,43682,43683,,1.0,2,1.0,0.9995563442768411,,49,,1.0,0,0.9995563442768411,49,49,50,49
msg_2294,node49,node40,229,43682,43683,,1.0,2,1.0,0.9995563442768411,,49,,1.0,0,0.9995563442768411,49,49,50,49
msg_2295,node49,node41,229,43682,43683,,1.0,2,1.0,0.9995563442768411,,49,,1.0,0,0.9995563442768411,49,49,50,49
msg_2296,node49,node42,229,43682,43683,,1.0,2,1.0,0.9995563442768411,,49,,1.0,0,0.9995563442768411,49,49,50,49
msg_2297,node49,node43,229,43682,43683,,1.0,2,1.0,0.9995563442768411,,49,,1.0,0,0.9995563442768411,49,49,50,49
msg_2298,node49,node44,229,43682,43683,,1.0,2,1.0,0.9995563442768411,,49,,1.0,0,0.9995563442768411,49,49,50,49
msg_2299,node49,node45,229,43682,43683,,1.0,2,1.0,0.9995563442768411,,49,,1.0,0,0.9995563442768411,49,49,50,49
msg_2300,node49,node46,229,43682,43683,,1.0,2,1.0,0.9995563442768411,,49,,1.0,0,0.9995563442768411,49,49,50,49
msg_2301,node49,node47,229,43682,43683,,1.0,2,1.0,0.9995563442768411,,49,,1.0,0,0.9995563442768411,49,49,50,49
msg_2302,node49,node48,229,43682,43683,,1.0,2,1.0,0.9995563442768411,,49,,1.0,0,0.9995563442768411,49,49,50,49
msg_2303,node49,node0,228,44232,44233,,1.0,2,1.0,0.9995657837603127,,49,,0.9787234042553191,0,0.9995657837603127,49,49,50,49
msg_2304,node49,node1,228,44232,44233,,1.0,2,1.0,0.9995657837603127,,49,,1.0,0,0.9995657837603127,49,49,50,49
msg_2305,node49,node2,228,44232,44233,,1.0,2,1.0,0.9995657837603127,,49,,1.0,0,0.9995657837603127,49,49,50,49
msg_2306,node49,node3,228,44232,44233,,1.0,2,1.0,0.9995657837603127,,49,,1.0,0,0.9995657837603127,49,49,50,49
msg_2307,node49,node4,228,44232,44233,,1.0,2,1.0,0.9995657837603127,,49,,1.0,0,0.9995657837603127,49,49,50,49
msg_2308,node49,node5,228,44232,44233,,1.0,2,1.0,0.9995657837603127,,49,,1.0,0,0.9995657837603127,49,49,50,49
msg_2309,node49,node6,228,44232,44233,,1.0,2,1.0,0.9995657837603127,,49,,1.0,0,0.9995657837603127,49,49,50,49
msg_2310,node49,node7,228,44232,44233,,1.0,2,1.0,0.9995657837603127,,49,,1.0,0,0.9995657837603127,49,49,50,49
msg_2311,node49,node8,228,44232,44233,,1.0,2,1.0,0.9995657837603127,,49,,1.0,0,0.9995657837603127,49,49,50,49
msg_2312,node49,node9,228,44232,44233,,1.0,2,1.0,0.9995657837603127,,49,,1.0,0,0.9995657837603127,49,49,50,49
msg_2313,node49,node10,229,44232,44233,,1.0,2,1.0,0.9995657837603127,,49,,1.0,0,0.9995657837603127,49,49,50,49
msg_2314,node49,node11,229,44232,44233,,1.0,2,1.0,0.9995657837603127,,49,,1.0,0,0.9995657837603127,49,49,50,49
msg_2315,node49,node12,229,44232,44233,,1.0,2,1.0,0.9995657837603127,,49,,1.0,0,0.9995657837603127,49,49,50,49
msg_2316,node49,node13,229,44232,44233,,1.0,2,1.0,0.9995657837603127,,49,,1.0,0,0.9995657837603127,49,49,50,49
msg_2317,node49,node14,229,44232,44233,,1.0,2,1.0,0.9995657837603127,,49,,1.0,0,0.9995657837603127,49,49,50,49
msg_2318,node49,node15,229,44232,44233,,1.0,2,1.0,0.9995657837603127,,49,,1.0,0,0.9995657837603127,49,49,50,49
msg_2319,node49,node16,229,44232,44233,,1.0,2,1.0,0.9995657837603127,,49,,1.0,0,0.9995657837603127,49,49,50,49
msg_2320,node49,node17,229,44232,44233,,1.0,2,1.0,0.9995657837603127,,49,,1.0,0,0.9995657837603127,49,49,50,49
msg_2321,node49,node18,229,44232,44233,,1.0,2,1.0,0.9995657837603127,,49,,1.0,0,0.9995657837603127,49,49,50,49
msg_2322,node49,node19,229,44232,44233,,1.0,2,1.0,0.9995657837603127,,49,,1.0,0,0.9995657837603127,49,49,50,49
msg_2323,node49,node20,229,44232,44233,,1.0,2,1.0,0.9995657837603127,,49,,1.0,0,0.9995657837603127,49,49,50,49
msg_2324,node49,node21,229,44232,44233,,1.0,2,1.0,0.9995657837603127,,49,,1.0,0,0.9995657837603127,49,49,50,49
msg_2325,node49,node22,229,44232,44233,,1.0,2,1.0,0.9995657837603127,,49,,1.0,0,0.9995657837603127,49,49,50,49
msg_2326,node49,node23,229,44232,44233,,1.0,2,1.0,0.9995657837603127,,49,,1.0,0,0.9995657837603127,49,49,50,49
msg_2327,node49,node24,229,44232,44233,,1.0,2,1.0,0.9995657837603127,,49,,1.0,0,0.9995657837603127,49,49,50,49
msg_2328,node49,node25,229,44232,44233,,1.0,2,1.0,0.9995657837603127,,49,,1.0,0,0.9995657837603127,49,49,50,49
msg_2329,node49,node26,229,44232,44233,,1.0,2,1.0,0.9995657837603127,,49,,1.0,0,0.9995657837603127,49,49,50,49
msg_2330,node49,node27,229,44232,44233,,1.0,2,1.0,0.9995657837603127,,49,,1.0,0,0.9995657837603127,49,49,50,49
msg_2331,node49,node28,229,44232,44233,,1.0,2,1.0,0.9995657837603127,,49,,1.0,0,0.9995657837603127,49,49,50,49
msg_2332,node49,node29,229,44232,44233,,1.0,2,1.0,0.9995657837603127,,49,,1.0,0,0.9995657837603127,49,49,50,49
msg_2333,node49,node30,229,44232,44233,,1.0,2,1.0,0.9995657837603127,,49,,1.0,0,0.9995657837603127,49,49,50,49
msg_2334,node49,node31,229,44232,44233,,1.0,2,1.0,0.9995657837603127,,49,,1.0,0,0.9995657837603127,49,49,50,49
msg_2335,node49,node32,229,44232,44233,,1.0,2,1.0,0.9995657837603127,,49,,1.0,0,0.9995657837603127,49,49,50,49
msg_2336,node49,node33,229,44232,44233,,1.0,2,1.0,0.9995657837603127,,49,,1.0,0,0.9995657837603127,49,49,50,49
msg_2337,node49,node34,229,44232,44233,,1.0,2,1.0,0.9995657837603127,,49,,1.0,0,0.9995657837603127,49,49,50,49
msg_2338,node49,node35,229,44232,44233,,1.0,2,1.0,0.9995657837603127,,49,,1.0,0,0.9995657837603127,49,49,50,49
msg_2339,node49,node36,229,44232,44233,,1.0,2,1.0,0.9995657837603127,,49,,1.0,0,0.9995657837603127,49,49,50,49
msg_2340,node49,node37,229,44232,44233,,1.0,2,1.0,0.9995657837603127,,49,,1.0,0,0.9995657837603127,49,49,50,49
msg_2341,node49,node38,229,44232,44233,,1.0,2,1.0,0.9995657837603127,,49,,1.0,0,0.9995657837603127,49,49,50,49
msg_2342,node49,node39,229,44232,44233,,1.0,2,1.0,0.9995657837603127,,49,,1.0,0,0.9995657837603127,49,49,50,49
msg_2343,node49,node40,229,44232,44233,,1.0,2,1.0,0.9995657837603127,,49,,1.0,0,0.9995657837603127,49,49,50,49
msg_2344,node49,node41,229,44232,44233,,1.0,2,1.0,0.9995657837603127,,49,,1.0,0,0.9995657837603127,49,49,50,49
msg_2345,node49,node42,229,44232,44233,,1.0,2,1.0,0.9995657837603127,,49,,1.0,0,0.9995657837603127,49,49,50,49
msg_2346,node49,node43,229,44232,44233,,1.0,2,1.0,0.9995657837603127,,49,,1.0,0,0.9995657837603127,49,49,50,49
msg_2347,node49,node44,229,44232,44233,,1.0,2,1.0,0.9995657837603127,,49,,1.0,0,0.9995657837603127,49,49,50,49
msg_2348,node49,node45,229,44232,44233,,1.0,2,1.0,0.9995657837603127,,49,,1.0,0,0.9995657837603127,49,49,50,49
msg_2349,node49,node46,229,44232,44233,,1.0,2,1.0,0.9995657837603127,,49,,1.0,0,0.9995657837603127,49,49,50,49
msg_2350,node49,node47,229,44232,44233,,1.0,2,1.0,0.9995657837603127,,49,,1.0,0,0.9995657837603127,49,49,50,49
msg_2351,node49,node48,229,44232,44233,,1.0,2,1.0,0.9995657837603127,,49,,1.0,0,0.9995657837603127,49,49,50,49
msg_2352,node49,node0,228,46004,46005,,1.0,2,1.0,0.9995748299319728,,49,,0.9791666666666666,0,0.9995748299319728,49,49,50,49
msg_2353,node49,node1,228,46004,46005,,1.0,2,1.0,0.9995748299319728,,49,,1.0,0,0.9995748299319728,49,49,50,49
msg_2354,node49,node2,228,46004,46005,,1.0,2,1.0,0.9995748299319728,,49,,1.0,0,0.9995748299319728,49,49,50,49
msg_2355,node49,node3,228,46004,46005,,1.0,2,1.0,0.9995748299319728,,49,,1.0,0,0.9995748299319728,49,49,50,49
msg_2356,node49,node4,228,46004,46005,,1.0,2,1.0,0.9995748299319728,,49,,1.0,0,0.9995748299319728,49,49,50,49
msg_2357,node49,node5,228,46004,46005,,1.0,2,1.0,0.9995748299319728,,49,,1.0,0,0.9995748299319728,49,49,50,49
msg_2358,node49,node6,228,46004,46005,,1.0,2,1.0,0.9995748299319728,,49,,1.0,0,0.9995748299319728,49,49,50,49
msg_2359,node49,node7,228,46004,46005,,1.0,2,1.0,0.9995748299319728,,49,,1.0,0,0.9995748299319728,49,49,50,49
msg_2360,node49,node8,228,46004,46005,,1.0,2,1.0,0.9995748299319728,,49,,1.0,0,0.9995748299319728,49,49,50,49
msg_2361,node49,node9,228,46004,46005,,1.0,2,1.0,0.9995748299319728,,49,,1.0,0,0.9995748299319728,49,49,50,49
msg_2362,node49,node10,229,46004,46005,,1.0,2,1.0,0.9995748299319728,,49,,1.0,0,0.9995748299319728,49,49,50,49
msg_2363,node49,node11,229,46004,46005,,1.0,2,1.0,0.9995748299319728,,49,,1.0,0,0.9995748299319728,49,49,50,49
msg_2364,node49,node12,229,46004,46005,,1.0,2,1.0,0.9995748299319728,,49,,1.0,0,0.9995748299319728,49,49,50,49
msg_2365,node49,node13,229,46004,46005,,1.0,2,1.0,0.9995748299319728,,49,,1.0,0,0.9995748299319728,49,49,50,49
msg_2366,node49,node14,229,46004,46005,,1.0,2,1.0,0.9995748299319728,,49,,1.0,0,0.9995748299319728,49,49,50,49
msg_2367,node49,node15,229,46004,46005,,1.0,2,1.0,0.9995748299319728,,49,,1.0,0,0.9995748299319728,49,49,50,49
msg_2368,node49,node16,229,46004,46005,,1.0,2,1.0,0.9995748299319728,,49,,1.0,0,0.9995748299319728,49,49,50,49
msg_2369,node49,node17,229,46004,46005,,1.0,2,1.0,0.9995748299319728,,49,,1.0,0,0.9995748299319728,49,49,50,49
msg_2370,node49,node18,229,46004,46005,,1.0,2,1.0,0.9995748299319728,,49,,1.0,0,0.9995748299319728,49,49,50,49
msg_2371,node49,node19,229,46004,46005,,1.0,2,1.0,0.9995748299319728,,49,,1.0,0,0.9995748299319728,49,49,50,49
msg_2372,node49,node20,229,46004,46005,,1.0,2,1.0,0.9995748299319728,,49,,1.0,0,0.9995748299319728,49,49,50,49
msg_2373,node49,node21,229,46004,46005,,1.0,2,1.0,0.9995748299319728,,49,,1.0,0,0.9995748299319728,49,49,50,49
msg_2374,node49,node22,229,46004,46005,,1.0,2,1.0,0.9995748299319728,,49,,1.0,0,0.9995748299319728,49,49,50,49
msg_2375,node49,node23,229,46004,46005,,1.0,2,1.0,0.9995748299319728,,49,,1.0,0,0.9995748299319728,49,49,50,49
msg_2376,node49,node24,229,46004,46005,,1.0,2,1.0,0.9995748299319728,,49,,1.0,0,0.9995748299319728,49,49,50,49
msg_2377,node49,node25,229,46004,46005,,1.0,2,1.0,0.9995748299319728,,49,,1.0,0,0.9995748299319728,49,49,50,49
msg_2378,node49,node26,229,46004,46005,,1.0,2,1.0,0.9995748299319728,,49,,1.0,0,0.9995748299319728,49,49,50,49
msg_2379,node49,node27,229,46004,46005,,1.0,2,1.0,0.9995748299319728,,49,,1.0,0,0.9995748299319728,49,49,50,49
msg_2380,node49,node28,229,46004,46005,,1.0,2,1.0,0.9995748299319728,,49,,1.0,0,0.9995748299319728,49,49,50,49
msg_2381,node49,node29,229,46004,46005,,1.0,2,1.0,0.9995748299319728,,49,,1.0,0,0.9995748299319728,49,49,50,49
msg_2382,node49,node30,229,46004,46005,,1.0,2,1.0,0.9995748299319728,,49,,1.0,0,0.9995748299319728,49,49,50,49
msg_2383,node49,node31,229,46004,46005,,1.0,2,1.0,0.9995748299319728,,49,,1.0,0,0.9995748299319728,49,49,50,49
msg_2384,node49,node32,229,46004,46005,,1.0,2,1.0,0.9995748299319728,,49,,1.0,0,0.9995748299319728,49,49,50,49
msg_2385,node49,node33,229,46004,46005,,1.0,2,1.0,0.9995748299319728,,49,,1.0,0,0.9995748299319728,49,49,50,49
msg_2386,node49,node34,229,46004,46005,,1.0,2,1.0,0.9995748299319728,,49,,1.0,0,0.9995748299319728,49,49,50,49
msg_2387,node49,node35,229,46004,46005,,1.0,2,1.0,0.9995748299319728,,49,,1.0,0,0.9995748299319728,49,49,50,49
msg_2388,node49,node36,229,46004,46005,,1.0,2,1.0,0.9995748299319728,,49,,1.0,0,0.9995748299319728,49,49,50,49
msg_2389,node49,node37,229,46004,46005,,1.0,2,1.0,0.9995748299319728,,49,,1.0,0,0.9995748299319728,49,49,50,49
msg_2390,node49,node38,229,46004,46005,,1.0,2,1.0,0.9995748299319728,,49,,1.0,0,0.9995748299319728,49,49,50,49
msg_2391,node49,node39,229,46004,46005,,1.0,2,1.0,0.9995748299319728,,49,,1.0,0,0.9995748299319728,49,49,50,49
msg_2392,node49,node40,229,46004,46005,,1.0,2,1.0,0.9995748299319728,,49,,1.0,0,0.9995748299319728,49,49,50,49
msg_2393,node49,node41,229,46004,46005,,1.0,2,1.0,0.9995748299319728,,49,,1.0,0,0.9995748299319728,49,49,50,49
msg_2394,node49,node42,229,46004,46005,,1.0,2,1.0,0.9995748299319728,,49,,1.0,0,0.9995748299319728,49,49,50,49
msg_2395,node49,node43,229,46004,46005,,1.0,2,1.0,0.9995748299319728,,49,,1.0,0,0.9995748299319728,49,49,50,49
msg_2396,node49,node44,229,46004,46005,,1.0,2,1.0,0.9995748299319728,,49,,1.0,0,0.9995748299319728,49,49,50,49
msg_2397,node49,node45,229,46004,46005,,1.0,2,1.0,0.9995748299319728,,49,,1.0,0,0.9995748299319728,49,49,50,49
msg_2398,node49,node46,229,46004,46005,,1.0,2,1.0,0.9995748299319728,,49,,1.0,0,0.9995748299319728,49,49,50,49
msg_2399,node49,node47,229,46004,46005,,1.0,2,1.0,0.9995748299319728,,49,,1.0,0,0.9995748299319728,49,49,50,49
msg_2400,node49,node48,229,46004,46005,,1.0,2,1.0,0.9995748299319728,,49,,1.0,0,0.9995748299319728,49,49,50,49
msg_2401,node49,node0,228,47112,47113,,1.0,2,1.0,0.9995835068721366,,49,,0.9795918367346939,0,0.9995835068721366,49,49,50,49
msg_2402,node49,node1,228,47112,47113,,1.0,2,1.0,0.9995835068721366,,49,,1.0,0,0.9995835068721366,49,49,50,49
msg_2403,node49,node2,228,47112,47113,,1.0,2,1.0,0.9995835068721366,,49,,1.0,0,0.9995835068721366,49,49,50,49
msg_2404,node49,node3,228,47112,47113,,1.0,2,1.0,0.9995835068721366,,49,,1.0,0,0.9995835068721366,49,49,50,49
msg_2405,node49,node4,228,47112,47113,,1.0,2,1.0,0.9995835068721366,,49,,1.0,0,0.9995835068721366,49,49,50,49
msg_2406,node49,node5,228,47112,47113,,1.0,2,1.0,0.9995835068721366,,49,,1.0,0,0.9995835068721366,49,49,50,49
msg_2407,node49,node6,228,47112,47113,,1.0,2,1.0,0.9995835068721366,,49,,1.0,0,0.9995835068721366,49,49,50,49
msg_2408,node49,node7,228,47112,47113,,1.0,2,1.0,0.9995835068721366,,49,,1.0,0,0.9995835068721366,49,49,50,49
msg_2409,node49,node8,228,47112,47113,,1.0,2,1.0,0.9995835068721366,,49,,1.0,0,0.9995835068721366,49,49,50,49
msg_2410,node49,node9,228,47112,47113,,1.0,2,1.0,0.9995835068721366,,49,,1.0,0,0.9995835068721366,49,49,50,49
msg_2411,node49,node10,229,47112,47113,,1.0,2,1.0,0.9995835068721366,,49,,1.0,0,0.9995835068721366,49,49,50,49
msg_2412,node49,node11,229,47112,47113,,1.0,2,1.0,0.9995835068721366,,49,,1.0,0,0.9995835068721366,49,49,50,49
msg_2413,node49,node12,229,47112,47113,,1.0,2,1.0,0.9995835068721366,,49,,1.0,0,0.9995835068721366,49,49,50,49
msg_2414,node49,node13,229,47112,47113,,1.0,2,1.0,0.9995835068721366,,49,,1.0,0,0.9995835068721366,49,49,50,49
msg_2415,node49,node14,229,47112,47113,,1.0,2,1.0,0.9995835068721366,,49,,1.0,0,0.9995835068721366,49,49,50,49
msg_2416,node49,node15,229,47112,47113,,1.0,2,1.0,0.9995835068721366,,49,,1.0,0,0.9995835068721366,49,49,50,49
msg_2417,node49,node16,229,47112,47113,,1.0,2,1.0,0.9995835068721366,,49,,1.0,0,0.9995835068721366,49,49,50,49
msg_2418,node49,node17,229,47112,47113,,1.0,2,1.0,0.9995835068721366,,49,,1.0,0,0.9995835068721366,49,49,50,49
msg_2419,node49,node18,229,47112,47113,,1.0,2,1.0,0.9995835068721366,,49,,1.0,0,0.9995835068721366,49,49,50,49
msg_2420,node49,node19,229,47112,47113,,1.0,2,1.0,0.9995835068721366,,49,,1.0,0,0.9995835068721366,49,49,50,49
msg_2421,node49,node20,229,47112,47113,,1.0,2,1.0,0.9995835068721366,,49,,1.0,0,0.9995835068721366,49,49,50,49
msg_2422,node49,node21,229,47112,47113,,1.0,2,1.0,0.9995835068721366,,49,,1.0,0,0.9995835068721366,49,49,50,49
msg_2423,node49,node22,229,47112,47113,,1.0,2,1.0,0.9995835068721366,,49,,1.0,0,0.9995835068721366,49,49,50,49
msg_2424,node49,node23,229,47112,47113,,1.0,2,1.0,0.9995835068721366,,49,,1.0,0,0.9995835068721366,49,49,50,49
msg_2425,node49,node24,229,47112,47113,,1.0,2,1.0,0.9995835068721366,,49,,1.0,0,0.9995835068721366,49,49,50,49
msg_2426,node49,node25,229,47112,47113,,1.0,2,1.0,0.9995835068721366,,49,,1.0,0,0.9995835068721366,49,49,50,49
msg_2427,node49,node26,229,47112,47113,,1.0,2,1.0,0.9995835068721366,,49,,1.0,0,0.9995835068721366,49,49,50,49
msg_2428,node49,node27,229,47112,47113,,1.0,2,1.0,0.9995835068721366,,49,,1.0,0,0.9995835068721366,49,49,50,49
msg_2429,node49,node28,229,47112,47113,,1.0,2,1.0,0.9995835068721366,,49,,1.0,0,0.9995835068721366,49,49,50,49
msg_2430,node49,node29,229,47112,47113,,1.0,2,1.0,0.9995835068721366,,49,,1.0,0,0.9995835068721366,49,49,50,49
msg_2431,node49,node30,229,47112,47113,,1.0,2,1.0,0.9995835068721366,,49,,1.0,0,0.9995835068721366,49,49,50,49
msg_2432,node49,node31,229,47112,47113,,1.0,2,1.0,0.9995835068721366,,49,,1.0,0,0.9995835068721366,49,49,50,49
msg_2433,node49,node32,229,47112,47113,,1.0,2,1.0,0.9995835068721366,,49,,1.0,0,0.9995835068721366,49,49,50,49
msg_2434,node49,node33,229,47112,47113,,1.0,2,1.0,0.9995835068721366,,49,,1.0,0,0.9995835068721366,49,49,50,49
msg_2435,node49,node34,229,47112,47113,,1.0,2,1.0,0.9995835068721366,,49,,1.0,0,0.9995835068721366,49,49,50,49
msg_2436,node49,node35,229,47112,47113,,1.0,2,1.0,0.9995835068721366,,49,,1.0,0,0.9995835068721366,49,49,50,49
msg_2437,node49,node36,229,47112,47113,,1.0,2,1.0,0.9995835068721366,,49,,1.0,0,0.9995835068721366,49,49,50,49
msg_2438,node49,node37,229,47112,47113,,1.0,2,1.0,0.9995835068721366,,49,,1.0,0,0.9995835068721366,49,49,50,49
msg_2439,node49,node38,229,47112,47113,,1.0,2,1.0,0.9995835068721366,,49,,1.0,0,0.9995835068721366,49,49,50,49
msg_2440,node49,node39,229,47112,47113,,1.0,2,1.0,0.9995835068721366,,49,,1.0,0,0.9995835068721366,49,49,50,49
msg_2441,node49,node40,229,47112,47113,,1.0,2,1.0,0.9995835068721366,,49,,1.0,0,0.9995835068721366,49,49,50,49
msg_2442,node49,node41,229,47112,47113,,1.0,2,1.0,0.9995835068721366,,49,,1.0,0,0.9995835068721366,49,49,50,49
msg_2443,node49,node42,229,47112,47113,,1.0,2,1.0,0.9995835068721366,,49,,1.0,0,0.9995835068721366,49,49,50,49
msg_2444,node49,node43,229,47112,47113,,1.0,2,1.0,0.9995835068721366,,49,,1.0,0,0.9995835068721366,49,49,50,49
msg_2445,node49,node44,229,47112,47113,,1.0,2,1.0,0.9995835068721366,,49,,1.0,0,0.9995835068721366,49,49,50,49
msg_2446,node49,node45,229,47112,47113,,1.0,2,1.0,0.9995835068721366,,49,,1.0,0,0.9995835068721366,49,49,50,49
msg_2447,node49,node46,229,47112,47113,,1.0,2,1.0,0.9995835068721366,,49,,1.0,0,0.9995835068721366,49,49,50,49
msg_2448,node49,node47,229,47112,47113,,1.0,2,1.0,0.9995835068721366,,49,,1.0,0,0.9995835068721366,49,49,50,49
msg_2449,node49,node48,229,47112,47113,,1.0,2,1.0,0.9995835068721366,,49,,1.0,0,0.9995835068721366,49,49,50,49
msg_2450,node49,node0,228,47475,47476,,1.0,2,1.0,0.9995918367346939,,49,,0.98,0,0.9995918367346939,49,49,50,49
msg_2451,node49,node1,228,47475,47476,,1.0,2,1.0,0.9995918367346939,,49,,1.0,0,0.9995918367346939,49,49,50,49
msg_2452,node49,node2,228,47475,47476,,1.0,2,1.0,0.9995918367346939,,49,,1.0,0,0.9995918367346939,49,49,50,49
msg_2453,node49,node3,228,47475,47476,,1.0,2,1.0,0.9995918367346939,,49,,1.0,0,0.9995918367346939,49,49,50,49
msg_2454,node49,node4,228,47475,47476,,1.0,2,1.0,0.9995918367346939,,49,,1.0,0,0.9995918367346939,49,49,50,49
msg_2455,node49,node5,228,47475,47476,,1.0,2,1.0,0.9995918367346939,,49,,1.0,0,0.9995918367346939,49,49,50,49
msg_2456,node49,node6,228,47475,47476,,1.0,2,1.0,0.9995918367346939,,49,,1.0,0,0.9995918367346939,49,49,50,49
msg_2457,node49,node7,228,47475,47476,,1.0,2,1.0,0.9995918367346939,,49,,1.0,0,0.9995918367346939,49,49,50,49
msg_2458,node49,node8,228,47475,47476,,1.0,2,1.0,0.9995918367346939,,49,,1.0,0,0.9995918367346939,49,49,50,49
msg_2459,node49,node9,228,47475,47476,,1.0,2,1.0,0.9995918367346939,,49,,1.0,0,0.9995918367346939,49,49,50,49
msg_2460,node49,node10,229,47475,47476,,1.0,2,1.0,0.9995918367346939,,49,,1.0,0,0.9995918367346939,49,49,50,49
msg_2461,node49,node11,229,47475,47476,,1.0,2,1.0,0.9995918367346939,,49,,1.0,0,0.9995918367346939,49,49,50,49
msg_2462,node49,node12,229,47475,47476,,1.0,2,1.0,0.9995918367346939,,49,,1.0,0,0.9995918367346939,49,49,50,49
msg_2463,node49,node13,229,47475,47476,,1.0,2,1.0,0.9995918367346939,,49,,1.0,0,0.9995918367346939,49,49,50,49
msg_2464,node49,node14,229,47475,47476,,1.0,2,1.0,0.9995918367346939,,49,,1.0,0,0.9995918367346939,49,49,50,49
msg_2465,node49,node15,229,47475,47476,,1.0,2,1.0,0.9995918367346939,,49,,1.0,0,0.9995918367346939,49,49,50,49
msg_2466,node49,node16,229,47475,47476,,1.0,2,1.0,0.9995918367346939,,49,,1.0,0,0.9995918367346939,49,49,50,49
msg_2467,node49,node17,229,47475,47476,,1.0,2,1.0,0.9995918367346939,,49,,1.0,0,0.9995918367346939,49,49,50,49
msg_2468,node49,node18,229,47475,47476,,1.0,2,1.0,0.9995918367346939,,49,,1.0,0,0.9995918367346939,49,49,50,49
msg_2469,node49,node19,229,47475,47476,,1.0,2,1.0,0.9995918367346939,,49,,1.0,0,0.9995918367346939,49,49,50,49
msg_2470,node49,node20,229,47475,47476,,1.0,2,1.0,0.9995918367346939,,49,,1.0,0,0.9995918367346939,49,49,50,49
msg_2471,node49,node21,229,47475,47476,,1.0,2,1.0,0.9995918367346939,,49,,1.0,0,0.9995918367346939,49,49,50,49
msg_2472,node49,node22,229,47475,47476,,1.0,2,1.0,0.9995918367346939,,49,,1.0,0,0.9995918367346939,49,49,50,49
msg_2473,node49,node23,229,47475,47476,,1.0,2,1.0,0.9995918367346939,,49,,1.0,0,0.9995918367346939,49,49,50,49
msg_2474,node49,node24,229,47475,47476,,1.0,2,1.0,0.9995918367346939,,49,,1.0,0,0.9995918367346939,49,49,50,49
msg_2475,node49,node25,229,47475,47476,,1.0,2,1.0,0.9995918367346939,,49,,1.0,0,0.9995918367346939,49,49,50,49
msg_2476,node49,node26,229,47475,47476,,1.0,2,1.0,0.9995918367346939,,49,,1.0,0,0.9995918367346939,49,49,50,49
msg_2477,node49,node27,229,47475,47476,,1.0,2,1.0,0.9995918367346939,,49,,1.0,0,0.9995918367346939,49,49,50,49
msg_2478,node49,node28,229,47475,47476,,1.0,2,1.0,0.9995918367346939,,49,,1.0,0,0.9995918367346939,49,49,50,49
msg_2479,node49,node29,229,47475,47476,,1.0,2,1.0,0.9995918367346939,,49,,1.0,0,0.9995918367346939,49,49,50,49
msg_2480,node49,node30,229,47475,47476,,1.0,2,1.0,0.9995918367346939,,49,,1.0,0,0.9995918367346939,49,49,50,49
msg_2481,node49,node31,229,47475,47476,,1.0,2,1.0,0.9995918367346939,,49,,1.0,0,0.9995918367346939,49,49,50,49
msg_2482,node49,node32,229,47475,47476,,1.0,2,1.0,0.9995918367346939,,49,,1.0,0,0.9995918367346939,49,49,50,49
msg_2483,node49,node33,229,47475,47476,,1.0,2,1.0,0.9995918367346939,,49,,1.0,0,0.9995918367346939,49,49,50,49
msg_2484,node49,node34,229,47475,47476,,1.0,2,1.0,0.9995918367346939,,49,,1.0,0,0.9995918367346939,49,49,50,49
msg_2485,node49,node35,229,47475,47476,,1.0,2,1.0,0.9995918367346939,,49,,1.0,0,0.9995918367346939,49,49,50,49
msg_2486,node49,node36,229,47475,47476,,1.0,2,1.0,0.9995918367346939,,49,,1.0,0,0.9995918367346939,49,49,50,49
msg_2487,node49,node37,229,47475,47476,,1.0,2,1.0,0.9995918367346939,,49,,1.0,0,0.9995918367346939,49,49,50,49
msg_2488,node49,node38,229,47475,47476,,1.0,2,1.0,0.9995918367346939,,49,,1.0,0,0.9995918367346939,49,49,50,49
msg_2489,node49,node39,229,47475,47476,,1.0,2,1.0,0.9995918367346939,,49,,1.0,0,0.9995918367346939,49,49,50,49
msg_2490,node49,node40,229,47475,47476,,1.0,2,1.0,0.9995918367346939,,49,,1.0,0,0.9995918367346939,49,49,50,49
msg_2491,node49,node41,229,47475,47476,,1.0,2,1.0,0.9995918367346939,,49,,1.0,0,0.9995918367346939,49,49,50,49
msg_2492,node49,node42,229,47475,47476,,1.0,2,1.0,0.9995918367346939,,49,,1.0,0,0.9995918367346939,49,49,50,49
msg_2493,node49,node43,229,47475,47476,,1.0,2,1.0,0.9995918367346939,,49,,1.0,0,0.9995918367346939,49,49,50,49
msg_2494,node49,node44,229,47475,47476,,1.0,2,1.0,0.9995918367346939,,49,,1.0,0,0.9995918367346939,49,49,50,49
msg_2495,node49,node45,229,47475,47476,,1.0,2,1.0,0.9995918367346939,,49,,1.0,0,0.9995918367346939,49,49,50,49
msg_2496,node49,node46,229,47475,47476,,1.0,2,1.0,0.9995918367346939,,49,,1.0,0,0.9995918367346939,49,49,50,49
msg_2497,node49,node47,229,47475,47476,,1.0,2,1.0,0.9995918367346939,,49,,1.0,0,0.9995918367346939,49,49,50,49
msg_2498,node49,node48,229,47475,47476,,1.0,2,1.0,0.9995918367346939,,49,,1.0,0,0.9995918367346939,49,49,50,49
msg_2499,node49,node0,228,48361,48362,,1.0,2,1.0,0.9995998399359743,,49,,0.9803921568627451,0,0.9995998399359743,49,49,50,49
msg_2500,node49,node1,228,48361,48362,,1.0,2,1.0,0.9995998399359743,,49,,1.0,0,0.9995998399359743,49,49,50,49
msg_2501,node49,node2,228,48361,48362,,1.0,2,1.0,0.9995998399359743,,49,,1.0,0,0.9995998399359743,49,49,50,49
msg_2502,node49,node3,228,48361,48362,,1.0,2,1.0,0.9995998399359743,,49,,1.0,0,0.9995998399359743,49,49,50,49
msg_2503,node49,node4,228,48361,48362,,1.0,2,1.0,0.9995998399359743,,49,,1.0,0,0.9995998399359743,49,49,50,49
msg_2504,node49,node5,228,48361,48362,,1.0,2,1.0,0.9995998399359743,,49,,1.0,0,0.9995998399359743,49,49,50,49
msg_2505,node49,node6,228,48361,48362,,1.0,2,1.0,0.9995998399359743,,49,,1.0,0,0.9995998399359743,49,49,50,49
msg_2506,node49,node7,228,48361,48362,,1.0,2,1.0,0.9995998399359743,,49,,1.0,0,0.9995998399359743,49,49,50,49
msg_2507,node49,node8,228,48361,48362,,1.0,2,1.0,0.9995998399359743,,49,,1.0,0,0.9995998399359743,49,49,50,49
msg_2508,node49,node9,228,48361,48362,,1.0,2,1.0,0.9995998399359743,,49,,1.0,0,0.9995998399359743,49,49,50,49
msg_2509,node49,node10,229,48361,48362,,1.0,2,1.0,0.9995998399359743,,49,,1.0,0,0.9995998399359743,49,49,50,49
msg_2510,node49,node11,229,48361,48362,,1.0,2,1.0,0.9995998399359743,,49,,1.0,0,0.9995998399359743,49,49,50,49
msg_2511,node49,node12,229,48361,48362,,1.0,2,1.0,0.9995998399359743,,49,,1.0,0,0.9995998399359743,49,49,50,49
msg_2512,node49,node13,229,48361,48362,,1.0,2,1.0,0.9995998399359743,,49,,1.0,0,0.9995998399359743,49,49,50,49
msg_2513,node49,node14,229,48361,48362,,1.0,2,1.0,0.9995998399359743,,49,,1.0,0,0.9995998399359743,49,49,50,49
msg_2514,node49,node15,229,48361,48362,,1.0,2,1.0,0.9995998399359743,,49,,1.0,0,0.9995998399359743,49,49,50,49
msg_2515,node49,node16,229,48361,48362,,1.0,2,1.0,0.9995998399359743,,49,,1.0,0,0.9995998399359743,49,49,50,49
msg_2516,node49,node17,229,48361,48362,,1.0,2,1.0,0.9995998399359743,,49,,1.0,0,0.9995998399359743,49,49,50,49
msg_2517,node49,node18,229,48361,48362,,1.0,2,1.0,0.9995998399359743,,49,,1.0,0,0.9995998399359743,49,49,50,49
msg_2518,node49,node19,229,48361,48362,,1.0,2,1.0,0.9995998399359743,,49,,1.0,0,0.9995998399359743,49,49,50,49
msg_2519,node49,node20,229,48361,48362,,1.0,2,1.0,0.9995998399359743,,49,,1.0,0,0.9995998399359743,49,49,50,49
msg_2520,node49,node21,229,48361,48362,,1.0,2,1.0,0.9995998399359743,,49,,1.0,0,0.9995998399359743,49,49,50,49
msg_2521,node49,node22,229,48361,48362,,1.0,2,1.0,0.9995998399359743,,49,,1.0,0,0.9995998399359743,49,49,50,49
msg_2522,node49,node23,229,48361,48362,,1.0,2,1.0,0.9995998399359743,,49,,1.0,0,0.9995998399359743,49,49,50,49
msg_2523,node49,node24,229,48361,48362,,1.0,2,1.0,0.9995998399359743,,49,,1.0,0,0.9995998399359743,49,49,50,49
msg_2524,node49,node25,229,48361,48362,,1.0,2,1.0,0.9995998399359743,,49,,1.0,0,0.9995998399359743,49,49,50,49
msg_2525,node49,node26,229,48361,48362,,1.0,2,1.0,0.9995998399359743,,49,,1.0,0,0.9995998399359743,49,49,50,49
msg_2526,node49,node27,229,48361,48362,,1.0,2,1.0,0.9995998399359743,,49,,1.0,0,0.9995998399359743,49,49,50,49
msg_2527,node49,node28,229,48361,48362,,1.0,2,1.0,0.9995998399359743,,49,,1.0,0,0.9995998399359743,49,49,50,49
msg_2528,node49,node29,229,48361,48362,,1.0,2,1.0,0.9995998399359743,,49,,1.0,0,0.9995998399359743,49,49,50,49
msg_2529,node49,node30,229,48361,48362,,1.0,2,1.0,0.9995998399359743,,49,,1.0,0,0.9995998399359743,49,49,50,49
msg_2530,node49,node31,229,48361,48362,,1.0,2,1.0,0.9995998399359743,,49,,1.0,0,0.9995998399359743,49,49,50,49
msg_2531,node49,node32,229,48361,48362,,1.0,2,1.0,0.9995998399359743,,49,,1.0,0,0.9995998399359743,49,49,50,49
msg_2532,node49,node33,229,48361,48362,,1.0,2,1.0,0.9995998399359743,,49,,1.0,0,0.9995998399359743,49,49,50,49
msg_2533,node49,node34,229,48361,48362,,1.0,2,1.0,0.9995998399359743,,49,,1.0,0,0.9995998399359743,49,49,50,49
msg_2534,node49,node35,229,48361,48362,,1.0,2,1.0,0.9995998399359743,,49,,1.0,0,0.9995998399359743,49,49,50,49
msg_2535,node49,node36,229,48361,48362,,1.0,2,1.0,0.9995998399359743,,49,,1.0,0,0.9995998399359743,49,49,50,49
msg_2536,node49,node37,229,48361,48362,,1.0,2,1.0,0.9995998399359743,,49,,1.0,0,0.9995998399359743,49,49,50,49
msg_2537,node49,node38,229,48361,48362,,1.0,2,1.0,0.9995998399359743,,49,,1.0,0,0.9995998399359743,49,49,50,49
msg_2538,node49,node39,229,48361,48362,,1.0,2,1.0,0.9995998399359743,,49,,1.0,0,0.9995998399359743,49,49,50,49
msg_2539,node49,node40,229,48361,48362,,1.0,2,1.0,0.9995998399359743,,49,,1.0,0,0.9995998399359743,49,49,50,49
msg_2540,node49,node41,229,48361,48362,,1.0,2,1.0,0.9995998399359743,,49,,1.0,0,0.9995998399359743,49,49,50,49
msg_2541,node49,node42,229,48361,48362,,1.0,2,1.0,0.9995998399359743,,49,,1.0,0,0.9995998399359743,49,49,50,49
msg_2542,node49,node43,229,48361,48362,,1.0,2,1.0,0.9995998399359743,,49,,1.0,0,0.9995998399359743,49,49,50,49
msg_2543,node49,node44,229,48361,48362,,1.0,2,1.0,0.9995998399359743,,49,,1.0,0,0.9995998399359743,49,49,50,49
msg_2544,node49,node45,229,48361,48362,,1.0,2,1.0,0.9995998399359743,,49,,1.0,0,0.9995998399359743,49,49,50,49
msg_2545,node49,node46,229,48361,48362,,1.0,2,1.0,0.9995998399359743,,49,,1.0,0,0.9995998399359743,49,49,50,49
msg_2546,node49,node47,229,48361,48362,,1.0,2,1.0,0.9995998399359743,,49,,1.0,0,0.9995998399359743,49,49,50,49
msg_2547,node49,node48,229,48361,48362,,1.0,2,1.0,0.9995998399359743,,49,,1.0,0,0.9995998399359743,49,49,50,49
msg_2548,node49,node0,228,50502,50503,,1.0,2,1.0,0.999607535321821,,49,,0.9807692307692307,0,0.999607535321821,49,49,50,49
msg_2549,node49,node1,228,50502,50503,,1.0,2,1.0,0.999607535321821,,49,,1.0,0,0.999607535321821,49,49,50,49
msg_2550,node49,node2,228,50502,50503,,1.0,2,1.0,0.999607535321821,,49,,1.0,0,0.999607535321821,49,49,50,49
msg_2551,node49,node3,228,50502,50503,,1.0,2,1.0,0.999607535321821,,49,,1.0,0,0.999607535321821,49,49,50,49
msg_2552,node49,node4,228,50502,50503,,1.0,2,1.0,0.999607535321821,,49,,1.0,0,0.999607535321821,49,49,50,49
msg_2553,node49,node5,228,50502,50503,,1.0,2,1.0,0.999607535321821,,49,,1.0,0,0.999607535321821,49,49,50,49
msg_2554,node49,node6,228,50502,50503,,1.0,2,1.0,0.999607535321821,,49,,1.0,0,0.999607535321821,49,49,50,49
msg_2555,node49,node7,228,50502,50503,,1.0,2,1.0,0.999607535321821,,49,,1.0,0,0.999607535321821,49,49,50,49
msg_2556,node49,node8,228,50502,50503,,1.0,2,1.0,0.999607535321821,,49,,1.0,0,0.999607535321821,49,49,50,49
msg_2557,node49,node9,228,50502,50503,,1.0,2,1.0,0.999607535321821,,49,,1.0,0,0.999607535321821,49,49,50,49
msg_2558,node49,node10,229,50502,50503,,1.0,2,1.0,0.999607535321821,,49,,1.0,0,0.999607535321821,49,49,50,49
msg_2559,node49,node11,229,50502,50503,,1.0,2,1.0,0.999607535321821,,49,,1.0,0,0.999607535321821,49,49,50,49
msg_2560,node49,node12,229,50502,50503,,1.0,2,1.0,0.999607535321821,,49,,1.0,0,0.999607535321821,49,49,50,49
msg_2561,node49,node13,229,50502,50503,,1.0,2,1.0,0.999607535321821,,49,,1.0,0,0.999607535321821,49,49,50,49
msg_2562,node49,node14,229,50502,50503,,1.0,2,1.0,0.999607535321821,,49,,1.0,0,0.999607535321821,49,49,50,49
msg_2563,node49,node15,229,50502,50503,,1.0,2,1.0,0.999607535321821,,49,,1.0,0,0.999607535321821,49,49,50,49
msg_2564,node49,node16,229,50502,50503,,1.0,2,1.0,0.999607535321821,,49,,1.0,0,0.999607535321821,49,49,50,49
msg_2565,node49,node17,229,50502,50503,,1.0,2,1.0,0.999607535321821,,49,,1.0,0,0.999607535321821,49,49,50,49
msg_2566,node49,node18,229,50502,50503,,1.0,2,1.0,0.999607535321821,,49,,1.0,0,0.999607535321821,49,49,50,49
msg_2567,node49,node19,229,50502,50503,,1.0,2,1.0,0.999607535321821,,49,,1.0,0,0.999607535321821,49,49,50,49
msg_2568,node49,node20,229,50502,50503,,1.0,2,1.0,0.999607535321821,,49,,1.0,0,0.999607535321821,49,49,50,49
msg_2569,node49,node21,229,50502,50503,,1.0,2,1.0,0.999607535321821,,49,,1.0,0,0.999607535321821,49,49,50,49
msg_2570,node49,node22,229,50502,50503,,1.0,2,1.0,0.999607535321821,,49,,1.0,0,0.999607535321821,49,49,50,49
msg_2571,node49,node23,229,50502,50503,,1.0,2,1.0,0.999607535321821,,49,,1.0,0,0.999607535321821,49,49,50,49
msg_2572,node49,node24,229,50502,50503,,1.0,2,1.0,0.999607535321821,,49,,1.0,0,0.999607535321821,49,49,50,49
msg_2573,node49,node25,229,50502,50503,,1.0,2,1.0,0.999607535321821,,49,,1.0,0,0.999607535321821,49,49,50,49
msg_2574,node49,node26,229,50502,50503,,1.0,2,1.0,0.999607535321821,,49,,1.0,0,0.999607535321821,49,49,50,49
msg_2575,node49,node27,229,50502,50503,,1.0,2,1.0,0.999607535321821,,49,,1.0,0,0.999607535321821,49,49,50,49
msg_2576,node49,node28,229,50502,50503,,1.0,2,1.0,0.999607535321821,,49,,1.0,0,0.999607535321821,49,49,50,49
msg_2577,node49,node29,229,50502,50503,,1.0,2,1.0,0.999607535321821,,49,,1.0,0,0.999607535321821,49,49,50,49
msg_2578,node49,node30,229,50502,50503,,1.0,2,1.0,0.999607535321821,,49,,1.0,0,0.999607535321821,49,49,50,49
msg_2579,node49,node31,229,50502,50503,,1.0,2,1.0,0.999607535321821,,49,,1.0,0,0.999607535321821,49,49,50,49
msg_2580,node49,node32,229,50502,50503,,1.0,2,1.0,0.999607535321821,,49,,1.0,0,0.999607535321821,49,49,50,49
msg_2581,node49,node33,229,50502,50503,,1.0,2,1.0,0.999607535321821,,49,,1.0,0,0.999607535321821,49,49,50,49
msg_2582,node49,node34,229,50502,50503,,1.0,2,1.0,0.999607535321821,,49,,1.0,0,0.999607535321821,49,49,50,49
msg_2583,node49,node35,229,50502,50503,,1.0,2,1.0,0.999607535321821,,49,,1.0,0,0.999607535321821,49,49,50,49
msg_2584,node49,node36,229,50502,50503,,1.0,2,1.0,0.999607535321821,,49,,1.0,0,0.999607535321821,49,49,50,49
msg_2585,node49,node37,229,50502,50503,,1.0,2,1.0,0.999607535321821,,49,,1.0,0,0.999607535321821,49,49,50,49
msg_2586,node49,node38,229,50502,50503,,1.0,2,1.0,0.999607535321821,,49,,1.0,0,0.999607535321821,49,49,50,49
msg_2587,node49,node39,229,50502,50503,,1.0,2,1.0,0.999607535321821,,49,,1.0,0,0.999607535321821,49,49,50,49
msg_2588,node49,node40,229,50502,50503,,1.0,2,1.0,0.999607535321821,,49,,1.0,0,0.999607535321821,49,49,50,49
msg_2589,node49,node41,229,50502,50503,,1.0,2,1.0,0.999607535321821,,49,,1.0,0,0.999607535321821,49,49,50,49
msg_2590,node49,node42,229,50502,50503,,1.0,2,1.0,0.999607535321821,,49,,1.0,0,0.999607535321821,49,49,50,49
msg_2591,node49,node43,229,50502,50503,,1.0,2,1.0,0.999607535321821,,49,,1.0,0,0.999607535321821,49,49,50,49
msg_2592,node49,node44,229,50502,50503,,1.0,2,1.0,0.999607535321821,,49,,1.0,0,0.999607535321821,49,49,50,49
msg_2593,node49,node45,229,50502,50503,,1.0,2,1.0,0.999607535321821,,49,,1.0,0,0.999607535321821,49,49,50,49
msg_2594,node49,node46,229,50502,50503,,1.0,2,1.0,0.999607535321821,,49,,1.0,0,0.999607535321821,49,49,50,49
msg_2595,node49,node47,229,50502,50503,,1.0,2,1.0,0.999607535321821,,49,,1.0,0,0.999607535321821,49,49,50,49
msg_2596,node49,node48,229,50502,50503,,1.0,2,1.0,0.999607535321821,,49,,1.0,0,0.999607535321821,49,49,50,49
msg_2597,node49,node0,228,52374,52375,,1.0,2,1.0,0.9996149403157489,,49,,0.9811320754716981,0,0.9996149403157489,49,49,50,49
msg_2598,node49,node1,228,52374,52375,,1.0,2,1.0,0.9996149403157489,,49,,1.0,0,0.9996149403157489,49,49,50,49
msg_2599,node49,node2,228,52374,52375,,1.0,2,1.0,0.9996149403157489,,49,,1.0,0,0.9996149403157489,49,49,50,49
msg_2600,node49,node3,228,52374,52375,,1.0,2,1.0,0.9996149403157489,,49,,1.0,0,0.9996149403157489,49,49,50,49
msg_2601,node49,node4,228,52374,52375,,1.0,2,1.0,0.9996149403157489,,49,,1.0,0,0.9996149403157489,49,49,50,49
msg_2602,node49,node5,228,52374,52375,,1.0,2,1.0,0.9996149403157489,,49,,1.0,0,0.9996149403157489,49,49,50,49
msg_2603,node49,node6,228,52374,52375,,1.0,2,1.0,0.9996149403157489,,49,,1.0,0,0.9996149403157489,49,49,50,49
msg_2604,node49,node7,228,52374,52375,,1.0,2,1.0,0.9996149403157489,,49,,1.0,0,0.9996149403157489,49,49,50,49
msg_2605,node49,node8,228,52374,52375,,1.0,2,1.0,0.9996149403157489,,49,,1.0,0,0.9996149403157489,49,49,50,49
msg_2606,node49,node9,228,52374,52375,,1.0,2,1.0,0.9996149403157489,,49,,1.0,0,0.9996149403157489,49,49,50,49
msg_2607,node49,node10,229,52374,52375,,1.0,2,1.0,0.9996149403157489,,49,,1.0,0,0.9996149403157489,49,49,50,49
msg_2608,node49,node11,229,52374,52375,,1.0,2,1.0,0.9996149403157489,,49,,1.0,0,0.9996149403157489,49,49,50,49
msg_2609,node49,node12,229,52374,52375,,1.0,2,1.0,0.9996149403157489,,49,,1.0,0,0.9996149403157489,49,49,50,49
msg_2610,node49,node13,229,52374,52375,,1.0,2,1.0,0.9996149403157489,,49,,1.0,0,0.9996149403157489,49,49,50,49
msg_2611,node49,node14,229,52374,52375,,1.0,2,1.0,0.9996149403157489,,49,,1.0,0,0.9996149403157489,49,49,50,49
msg_2612,node49,node15,229,52374,52375,,1.0,2,1.0,0.9996149403157489,,49,,1.0,0,0.9996149403157489,49,49,50,49
msg_2613,node49,node16,229,52374,52375,,1.0,2,1.0,0.9996149403157489,,49,,1.0,0,0.9996149403157489,49,49,50,49
msg_2614,node49,node17,229,52374,52375,,1.0,2,1.0,0.9996149403157489,,49,,1.0,0,0.9996149403157489,49,49,50,49
msg_2615,node49,node18,229,52374,52375,,1.0,2,1.0,0.9996149403157489,,49,,1.0,0,0.9996149403157489,49,49,50,49
msg_2616,node49,node19,229,52374,52375,,1.0,2,1.0,0.9996149403157489,,49,,1.0,0,0.9996149403157489,49,49,50,49
msg_2617,node49,node20,229,52374,52375,,1.0,2,1.0,0.9996149403157489,,49,,1.0,0,0.9996149403157489,49,49,50,49
msg_2618,node49,node21,229,52374,52375,,1.0,2,1.0,0.9996149403157489,,49,,1.0,0,0.9996149403157489,49,49,50,49
msg_2619,node49,node22,229,52374,52375,,1.0,2,1.0,0.9996149403157489,,49,,1.0,0,0.9996149403157489,49,49,50,49
msg_2620,node49,node23,229,52374,52375,,1.0,2,1.0,0.9996149403157489,,49,,1.0,0,0.9996149403157489,49,49,50,49
msg_2621,node49,node24,229,52374,52375,,1.0,2,1.0,0.9996149403157489,,49,,1.0,0,0.9996149403157489,49,49,50,49
msg_2622,node49,node25,229,52374,52375,,1.0,2,1.0,0.9996149403157489,,49,,1.0,0,0.9996149403157489,49,49,50,49
msg_2623,node49,node26,229,52374,52375,,1.0,2,1.0,0.9996149403157489,,49,,1.0,0,0.9996149403157489,49,49,50,49
msg_2624,node49,node27,229,52374,52375,,1.0,2,1.0,0.9996149403157489,,49,,1.0,0,0.9996149403157489,49,49,50,49
msg_2625,node49,node28,229,52374,52375,,1.0,2,1.0,0.9996149403157489,,49,,1.0,0,0.9996149403157489,49,49,50,49
msg_2626,node49,node29,229,52374,52375,,1.0,2,1.0,0.9996149403157489,,49,,1.0,0,0.9996149403157489,49,49,50,49
msg_2627,node49,node30,229,52374,52375,,1.0,2,1.0,0.9996149403157489,,49,,1.0,0,0.9996149403157489,49,49,50,49
msg_2628,node49,node31,229,52374,52375,,1.0,2,1.0,0.9996149403157489,,49,,1.0,0,0.9996149403157489,49,49,50,49
msg_2629,node49,node32,229,52374,52375,,1.0,2,1.0,0.9996149403157489,,49,,1.0,0,0.9996149403157489,49,49,50,49
msg_2630,node49,node33,229,52374,52375,,1.0,2,1.0,0.9996149403157489,,49,,1.0,0,0.9996149403157489,49,49,50,49
msg_2631,node49,node34,229,52374,52375,,1.0,2,1.0,0.9996149403157489,,49,,1.0,0,0.9996149403157489,49,49,50,49
msg_2632,node49,node35,229,52374,52375,,1.0,2,1.0,0.9996149403157489,,49,,1.0,0,0.9996149403157489,49,49,50,49
msg_2633,node49,node36,229,52374,52375,,1.0,2,1.0,0.9996149403157489,,49,,1.0,0,0.9996149403157489,49,49,50,49
msg_2634,node49,node37,229,52374,52375,,1.0,2,1.0,0.9996149403157489,,49,,1.0,0,0.9996149403157489,49,49,50,49
msg_2635,node49,node38,229,52374,52375,,1.0,2,1.0,0.9996149403157489,,49,,1.0,0,0.9996149403157489,49,49,50,49
msg_2636,node49,node39,229,52374,52375,,1.0,2,1.0,0.9996149403157489,,49,,1.0,0,0.9996149403157489,49,49,50,49
msg_2637,node49,node40,229,52374,52375,,1.0,2,1.0,0.9996149403157489,,49,,1.0,0,0.9996149403157489,49,49,50,49
msg_2638,node49,node41,229,52374,52375,,1.0,2,1.0,0.9996149403157489,,49,,1.0,0,0.9996149403157489,49,49,50,49
msg_2639,node49,node42,229,52374,52375,,1.0,2,1.0,0.9996149403157489,,49,,1.0,0,0.9996149403157489,49,49,50,49
msg_2640,node49,node43,229,52374,52375,,1.0,2,1.0,0.9996149403157489,,49,,1.0,0,0.9996149403157489,49,49,50,49
msg_2641,node49,node44,229,52374,52375,,1.0,2,1.0,0.9996149403157489,,49,,1.0,0,0.9996149403157489,49,49,50,49
msg_2642,node49,node45,229,52374,52375,,1.0,2,1.0,0.9996149403157489,,49,,1.0,0,0.9996149403157489,49,49,50,49
msg_2643,node49,node46,229,52374,52375,,1.0,2,1.0,0.9996149403157489,,49,,1.0,0,0.9996149403157489,49,49,50,49
msg_2644,node49,node47,229,52374,52375,,1.0,2,1.0,0.9996149403157489,,49,,1.0,0,0.9996149403157489,49,49,50,49
msg_2645,node49,node48,229,52374,52375,,1.0,2,1.0,0.9996149403157489,,49,,1.0,0,0.9996149403157489,49,49,50,49
msg_2646,node49,node0,228,53078,53079,,1.0,2,1.0,0.9996220710506425,,49,,0.9814814814814815,0,0.9996220710506425,49,49,50,49
msg_2647,node49,node1,228,53078,53079,,1.0,2,1.0,0.9996220710506425,,49,,1.0,0,0.9996220710506425,49,49,50,49
msg_2648,node49,node2,228,53078,53079,,1.0,2,1.0,0.9996220710506425,,49,,1.0,0,0.9996220710506425,49,49,50,49
msg_2649,node49,node3,228,53078,53079,,1.0,2,1.0,0.9996220710506425,,49,,1.0,0,0.9996220710506425,49,49,50,49
msg_2650,node49,node4,228,53078,53079,,1.0,2,1.0,0.9996220710506425,,49,,1.0,0,0.9996220710506425,49,49,50,49
msg_2651,node49,node5,228,53078,53079,,1.0,2,1.0,0.9996220710506425,,49,,1.0,0,0.9996220710506425,49,49,50,49
msg_2652,node49,node6,228,53078,53079,,1.0,2,1.0,0.9996220710506425,,49,,1.0,0,0.9996220710506425,49,49,50,49
msg_2653,node49,node7,228,53078,53079,,1.0,2,1.0,0.9996220710506425,,49,,1.0,0,0.9996220710506425,49,49,50,49
msg_2654,node49,node8,228,53078,53079,,1.0,2,1.0,0.9996220710506425,,49,,1.0,0,0.9996220710506425,49,49,50,49
msg_2655,node49,node9,228,53078,53079,,1.0,2,1.0,0.9996220710506425,,49,,1.0,0,0.9996220710506425,49,49,50,49
msg_2656,node49,node10,229,53078,53079,,1.0,2,1.0,0.9996220710506425,,49,,1.0,0,0.9996220710506425,49,49,50,49
msg_2657,node49,node11,229,53078,53079,,1.0,2,1.0,0.9996220710506425,,49,,1.0,0,0.9996220710506425,49,49,50,49
msg_2658,node49,node12,229,53078,53079,,1.0,2,1.0,0.9996220710506425,,49,,1.0,0,0.9996220710506425,49,49,50,49
msg_2659,node49,node13,229,53078,53079,,1.0,2,1.0,0.9996220710506425,,49,,1.0,0,0.9996220710506425,49,49,50,49
msg_2660,node49,node14,229,53078,53079,,1.0,2,1.0,0.9996220710506425,,49,,1.0,0,0.9996220710506425,49,49,50,49
msg_2661,node49,node15,229,53078,53079,,1.0,2,1.0,0.9996220710506425,,49,,1.0,0,0.9996220710506425,49,49,50,49
msg_2662,node49,node16,229,53078,53079,,1.0,2,1.0,0.9996220710506425,,49,,1.0,0,0.9996220710506425,49,49,50,49
msg_2663,node49,node17,229,53078,53079,,1.0,2,1.0,0.9996220710506425,,49,,1.0,0,0.9996220710506425,49,49,50,49
msg_2664,node49,node18,229,53078,53079,,1.0,2,1.0,0.9996220710506425,,49,,1.0,0,0.9996220710506425,49,49,50,49
msg_2665,node49,node19,229,53078,53079,,1.0,2,1.0,0.9996220710506425,,49,,1.0,0,0.9996220710506425,49,49,50,49
msg_2666,node49,node20,229,53078,53079,,1.0,2,1.0,0.9996220710506425,,49,,1.0,0,0.9996220710506425,49,49,50,49
msg_2667,node49,node21,229,53078,53079,,1.0,2,1.0,0.9996220710506425,,49,,1.0,0,0.9996220710506425,49,49,50,49
msg_2668,node49,node22,229,53078,53079,,1.0,2,1.0,0.9996220710506425,,49,,1.0,0,0.9996220710506425,49,49,50,49
msg_2669,node49,node23,229,53078,53079,,1.0,2,1.0,0.9996220710506425,,49,,1.0,0,0.9996220710506425,49,49,50,49
msg_2670,node49,node24,229,53078,53079,,1.0,2,1.0,0.9996220710506425,,49,,1.0,0,0.9996220710506425,49,49,50,49
msg_2671,node49,node25,229,53078,53079,,1.0,2,1.0,0.9996220710506425,,49,,1.0,0,0.9996220710506425,49,49,50,49
msg_2672,node49,node26,229,53078,53079,,1.0,2,1.0,0.9996220710506425,,49,,1.0,0,0.9996220710506425,49,49,50,49
msg_2673,node49,node27,229,53078,53079,,1.0,2,1.0,0.9996220710506425,,49,,1.0,0,0.9996220710506425,49,49,50,49
msg_2674,node49,node28,229,53078,53079,,1.0,2,1.0,0.9996220710506425,,49,,1.0,0,0.9996220710506425,49,49,50,49
msg_2675,node49,node29,229,53078,53079,,1.0,2,1.0,0.9996220710506425,,49,,1.0,0,0.9996220710506425,49,49,50,49
msg_2676,node49,node30,229,53078,53079,,1.0,2,1.0,0.9996220710506425,,49,,1.0,0,0.9996220710506425,49,49,50,49
msg_2677,node49,node31,229,53078,53079,,1.0,2,1.0,0.9996220710506425,,49,,1.0,0,0.9996220710506425,49,49,50,49
msg_2678,node49,node32,229,53078,53079,,1.0,2,1.0,0.9996220710506425,,49,,1.0,0,0.9996220710506425,49,49,50,49
msg_2679,node49,node33,229,53078,53079,,1.0,2,1.0,0.9996220710506425,,49,,1.0,0,0.9996220710506425,49,49,50,49
msg_2680,node49,node34,229,53078,53079,,1.0,2,1.0,0.9996220710506425,,49,,1.0,0,0.9996220710506425,49,49,50,49
msg_2681,node49,node35,229,53078,53079,,1.0,2,1.0,0.9996220710506425,,49,,1.0,0,0.9996220710506425,49,49,50,49
msg_2682,node49,node36,229,53078,53079,,1.0,2,1.0,0.9996220710506425,,49,,1.0,0,0.9996220710506425,49,49,50,49
msg_2683,node49,node37,229,53078,53079,,1.0,2,1.0,0.9996220710506425,,49,,1.0,0,0.9996220710506425,49,49,50,49
msg_2684,node49,node38,229,53078,53079,,1.0,2,1.0,0.9996220710506425,,49,,1.0,0,0.9996220710506425,49,49,50,49
msg_2685,node49,node39,229,53078,53079,,1.0,2,1.0,0.9996220710506425,,49,,1.0,0,0.9996220710506425,49,49,50,49
msg_2686,node49,node40,229,53078,53079,,1.0,2,1.0,0.9996220710506425,,49,,1.0,0,0.9996220710506425,49,49,50,49
msg_2687,node49,node41,229,53078,53079,,1.0,2,1.0,0.9996220710506425,,49,,1.0,0,0.9996220710506425,49,49,50,49
msg_2688,node49,node42,229,53078,53079,,1.0,2,1.0,0.9996220710506425,,49,,1.0,0,0.9996220710506425,49,49,50,49
msg_2689,node49,node43,229,53078,53079,,1.0,2,1.0,0.9996220710506425,,49,,1.0,0,0.9996220710506425,49,49,50,49
msg_2690,node49,node44,229,53078,53079,,1.0,2,1.0,0.9996220710506425,,49,,1.0,0,0.9996220710506425,49,49,50,49
msg_2691,node49,node45,229,53078,53079,,1.0,2,1.0,0.9996220710506425,,49,,1.0,0,0.9996220710506425,49,49,50,49
msg_2692,node49,node46,229,53078,53079,,1.0,2,1.0,0.9996220710506425,,49,,1.0,0,0.9996220710506425,49,49,50,49
msg_2693,node49,node47,229,53078,53079,,1.0,2,1.0,0.9996220710506425,,49,,1.0,0,0.9996220710506425,49,49,50,49
msg_2694,node49,node48,229,53078,53079,,1.0,2,1.0,0.9996220710506425,,49,,1.0,0,0.9996220710506425,49,49,50,49
msg_2695,node49,node0,228,53967,53968,,1.0,2,1.0,0.9996289424860854,,49,,0.9818181818181818,0,0.9996289424860854,49,49,50,49
msg_2696,node49,node1,228,53967,53968,,1.0,2,1.0,0.9996289424860854,,49,,1.0,0,0.9996289424860854,49,49,50,49
msg_2697,node49,node2,228,53967,53968,,1.0,2,1.0,0.9996289424860854,,49,,1.0,0,0.9996289424860854,49,49,50,49
msg_2698,node49,node3,228,53967,53968,,1.0,2,1.0,0.9996289424860854,,49,,1.0,0,0.9996289424860854,49,49,50,49
msg_2699,node49,node4,228,53967,53968,,1.0,2,1.0,0.9996289424860854,,49,,1.0,0,0.9996289424860854,49,49,50,49
msg_2700,node49,node5,228,53967,53968,,1.0,2,1.0,0.9996289424860854,,49,,1.0,0,0.9996289424860854,49,49,50,49
msg_2701,node49,node6,228,53967,53968,,1.0,2,1.0,0.9996289424860854,,49,,1.0,0,0.9996289424860854,49,49,50,49
msg_2702,node49,node7,228,53967,53968,,1.0,2,1.0,0.9996289424860854,,49,,1.0,0,0.9996289424860854,49,49,50,49
msg_2703,node49,node8,228,53967,53968,,1.0,2,1.0,0.9996289424860854,,49,,1.0,0,0.9996289424860854,49,49,50,49
msg_2704,node49,node9,228,53967,53968,,1.0,2,1.0,0.9996289424860854,,49,,1.0,0,0.9996289424860854,49,49,50,49
msg_2705,node49,node10,229,53967,53968,,1.0,2,1.0,0.9996289424860854,,49,,1.0,0,0.9996289424860854,49,49,50,49
msg_2706,node49,node11,229,53967,53968,,1.0,2,1.0,0.9996289424860854,,49,,1.0,0,0.9996289424860854,49,49,50,49
msg_2707,node49,node12,229,53967,53968,,1.0,2,1.0,0.9996289424860854,,49,,1.0,0,0.9996289424860854,49,49,50,49
msg_2708,node49,node13,229,53967,53968,,1.0,2,1.0,0.9996289424860854,,49,,1.0,0,0.9996289424860854,49,49,50,49
msg_2709,node49,node14,229,53967,53968,,1.0,2,1.0,0.9996289424860854,,49,,1.0,0,0.9996289424860854,49,49,50,49
msg_2710,node49,node15,229,53967,53968,,1.0,2,1.0,0.9996289424860854,,49,,1.0,0,0.9996289424860854,49,49,50,49
msg_2711,node49,node16,229,53967,53968,,1.0,2,1.0,0.9996289424860854,,49,,1.0,0,0.9996289424860854,49,49,50,49
msg_2712,node49,node17,229,53967,53968,,1.0,2,1.0,0.9996289424860854,,49,,1.0,0,0.9996289424860854,49,49,50,49
msg_2713,node49,node18,229,53967,53968,,1.0,2,1.0,0.9996289424860854,,49,,1.0,0,0.9996289424860854,49,49,50,49
msg_2714,node49,node19,229,53967,53968,,1.0,2,1.0,0.9996289424860854,,49,,1.0,0,0.9996289424860854,49,49,50,49
msg_2715,node49,node20,229,53967,53968,,1.0,2,1.0,0.9996289424860854,,49,,1.0,0,0.9996289424860854,49,49,50,49
msg_2716,node49,node21,229,53967,53968,,1.0,2,1.0,0.9996289424860854,,49,,1.0,0,0.9996289424860854,49,49,50,49
msg_2717,node49,node22,229,53967,53968,,1.0,2,1.0,0.9996289424860854,,49,,1.0,0,0.9996289424860854,49,49,50,49
msg_2718,node49,node23,229,53967,53968,,1.0,2,1.0,0.9996289424860854,,49,,1.0,0,0.9996289424860854,49,49,50,49
msg_2719,node49,node24,229,53967,53968,,1.0,2,1.0,0.9996289424860854,,49,,1.0,0,0.9996289424860854,49,49,50,49
msg_2720,node49,node25,229,53967,53968,,1.0,2,1.0,0.9996289424860854,,49,,1.0,0,0.9996289424860854,49,49,50,49
msg_2721,node49,node26,229,53967,53968,,1.0,2,1.0,0.9996289424860854,,49,,1.0,0,0.9996289424860854,49,49,50,49
msg_2722,node49,node27,229,53967,53968,,1.0,2,1.0,0.9996289424860854,,49,,1.0,0,0.9996289424860854,49,49,50,49
msg_2723,node49,node28,229,53967,53968,,1.0,2,1.0,0.9996289424860854,,49,,1.0,0,0.9996289424860854,49,49,50,49
msg_2724,node49,node29,229,53967,53968,,1.0,2,1.0,0.9996289424860854,,49,,1.0,0,0.9996289424860854,49,49,50,49
msg_2725,node49,node30,229,53967,53968,,1.0,2,1.0,0.9996289424860854,,49,,1.0,0,0.9996289424860854,49,49,50,49
msg_2726,node49,node31,229,53967,53968,,1.0,2,1.0,0.9996289424860854,,49,,1.0,0,0.9996289424860854,49,49,50,49
msg_2727,node49,node32,229,53967,53968,,1.0,2,1.0,0.9996289424860854,,49,,1.0,0,0.9996289424860854,49,49,50,49
msg_2728,node49,node33,229,53967,53968,,1.0,2,1.0,0.9996289424860854,,49,,1.0,0,0.9996289424860854,49,49,50,49
msg_2729,node49,node34,229,53967,53968,,1.0,2,1.0,0.9996289424860854,,49,,1.0,0,0.9996289424860854,49,49,50,49
msg_2730,node49,node35,229,53967,53968,,1.0,2,1.0,0.9996289424860854,,49,,1.0,0,0.9996289424860854,49,49,50,49
msg_2731,node49,node36,229,53967,53968,,1.0,2,1.0,0.9996289424860854,,49,,1.0,0,0.9996289424860854,49,49,50,49
msg_2732,node49,node37,229,53967,53968,,1.0,2,1.0,0.9996289424860854,,49,,1.0,0,0.9996289424860854,49,49,50,49
msg_2733,node49,node38,229,53967,53968,,1.0,2,1.0,0.9996289424860854,,49,,1.0,0,0.9996289424860854,49,49,50,49
msg_2734,node49,node39,229,53967,53968,,1.0,2,1.0,0.9996289424860854,,49,,1.0,0,0.9996289424860854,49,49,50,49
msg_2735,node49,node40,229,53967,53968,,1.0,2,1.0,0.9996289424860854,,49,,1.0,0,0.9996289424860854,49,49,50,49
msg_2736,node49,node41,229,53967,53968,,1.0,2,1.0,0.9996289424860854,,49,,1.0,0,0.9996289424860854,49,49,50,49
msg_2737,node49,node42,229,53967,53968,,1.0,2,1.0,0.9996289424860854,,49,,1.0,0,0.9996289424860854,49,49,50,49
msg_2738,node49,node43,229,53967,53968,,1.0,2,1.0,0.9996289424860854,,49,,1.0,0,0.9996289424860854,49,49,50,49
msg_2739,node49,node44,229,53967,53968,,1.0,2,1.0,0.9996289424860854,,49,,1.0,0,0.9996289424860854,49,49,50,49
msg_2740,node49,node45,229,53967,53968,,1.0,2,1.0,0.9996289424860854,,49,,1.0,0,0.9996289424860854,49,49,50,49
msg_2741,node49,node46,229,53967,53968,,1.0,2,1.0,0.9996289424860854,,49,,1.0,0,0.9996289424860854,49,49,50,49
msg_2742,node49,node47,229,53967,53968,,1.0,2,1.0,0.9996289424860854,,49,,1.0,0,0.9996289424860854,49,49,50,49
msg_2743,node49,node48,229,53967,53968,,1.0,2,1.0,0.9996289424860854,,49,,1.0,0,0.9996289424860854,49,49,50,49
msg_2744,node49,node0,228,54002,54003,,1.0,2,1.0,0.9996355685131195,,49,,0.9821428571428571,0,0.9996355685131195,49,49,50,49
msg_2745,node49,node1,228,54002,54003,,1.0,2,1.0,0.9996355685131195,,49,,1.0,0,0.9996355685131195,49,49,50,49
msg_2746,node49,node2,228,54002,54003,,1.0,2,1.0,0.9996355685131195,,49,,1.0,0,0.9996355685131195,49,49,50,49
msg_2747,node49,node3,228,54002,54003,,1.0,2,1.0,0.9996355685131195,,49,,1.0,0,0.9996355685131195,49,49,50,49
msg_2748,node49,node4,228,54002,54003,,1.0,2,1.0,0.9996355685131195,,49,,1.0,0,0.9996355685131195,49,49,50,49
msg_2749,node49,node5,228,54002,54003,,1.0,2,1.0,0.9996355685131195,,49,,1.0,0,0.9996355685131195,49,49,50,49
msg_2750,node49,node6,228,54002,54003,,1.0,2,1.0,0.9996355685131195,,49,,1.0,0,0.9996355685131195,49,49,50,49
msg_2751,node49,node7,228,54002,54003,,1.0,2,1.0,0.9996355685131195,,49,,1.0,0,0.9996355685131195,49,49,50,49
msg_2752,node49,node8,228,54002,54003,,1.0,2,1.0,0.9996355685131195,,49,,1.0,0,0.9996355685131195,49,49,50,49
msg_2753,node49,node9,228,54002,54003,,1.0,2,1.0,0.9996355685131195,,49,,1.0,0,0.9996355685131195,49,49,50,49
msg_2754,node49,node10,229,54002,54003,,1.0,2,1.0,0.9996355685131195,,49,,1.0,0,0.9996355685131195,49,49,50,49
msg_2755,node49,node11,229,54002,54003,,1.0,2,1.0,0.9996355685131195,,49,,1.0,0,0.9996355685131195,49,49,50,49
msg_2756,node49,node12,229,54002,54003,,1.0,2,1.0,0.9996355685131195,,49,,1.0,0,0.9996355685131195,49,49,50,49
msg_2757,node49,node13,229,54002,54003,,1.0,2,1.0,0.9996355685131195,,49,,1.0,0,0.9996355685131195,49,49,50,49
msg_2758,node49,node14,229,54002,54003,,1.0,2,1.0,0.9996355685131195,,49,,1.0,0,0.9996355685131195,49,49,50,49
msg_2759,node49,node15,229,54002,54003,,1.0,2,1.0,0.9996355685131195,,49,,1.0,0,0.9996355685131195,49,49,50,49
msg_2760,node49,node16,229,54002,54003,,1.0,2,1.0,0.9996355685131195,,49,,1.0,0,0.9996355685131195,49,49,50,49
msg_2761,node49,node17,229,54002,54003,,1.0,2,1.0,0.9996355685131195,,49,,1.0,0,0.9996355685131195,49,49,50,49
msg_2762,node49,node18,229,54002,54003,,1.0,2,1.0,0.9996355685131195,,49,,1.0,0,0.9996355685131195,49,49,50,49
msg_2763,node49,node19,229,54002,54003,,1.0,2,1.0,0.9996355685131195,,49,,1.0,0,0.9996355685131195,49,49,50,49
msg_2764,node49,node20,229,54002,54003,,1.0,2,1.0,0.9996355685131195,,49,,1.0,0,0.9996355685131195,49,49,50,49
msg_2765,node49,node21,229,54002,54003,,1.0,2,1.0,0.9996355685131195,,49,,1.0,0,0.9996355685131195,49,49,50,49
msg_2766,node49,node22,229,54002,54003,,1.0,2,1.0,0.9996355685131195,,49,,1.0,0,0.9996355685131195,49,49,50,49
msg_2767,node49,node23,229,54002,54003,,1.0,2,1.0,0.9996355685131195,,49,,1.0,0,0.9996355685131195,49,49,50,49
msg_2768,node49,node24,229,54002,54003,,1.0,2,1.0,0.9996355685131195,,49,,1.0,0,0.9996355685131195,49,49,50,49
msg_2769,node49,node25,229,54002,54003,,1.0,2,1.0,0.9996355685131195,,49,,1.0,0,0.9996355685131195,49,49,50,49
msg_2770,node49,node26,229,54002,54003,,1.0,2,1.0,0.9996355685131195,,49,,1.0,0,0.9996355685131195,49,49,50,49
msg_2771,node49,node27,229,54002,54003,,1.0,2,1.0,0.9996355685131195,,49,,1.0,0,0.9996355685131195,49,49,50,49
msg_2772,node49,node28,229,54002,54003,,1.0,2,1.0,0.9996355685131195,,49,,1.0,0,0.9996355685131195,49,49,50,49
msg_2773,node49,node29,229,54002,54003,,1.0,2,1.0,0.9996355685131195,,49,,1.0,0,0.9996355685131195,49,49,50,49
msg_2774,node49,node30,229,54002,54003,,1.0,2,1.0,0.9996355685131195,,49,,1.0,0,0.9996355685131195,49,49,50,49
msg_2775,node49,node31,229,54002,54003,,1.0,2,1.0,0.9996355685131195,,49,,1.0,0,0.9996355685131195,49,49,50,49
msg_2776,node49,node32,229,54002,54003,,1.0,2,1.0,0.9996355685131195,,49,,1.0,0,0.9996355685131195,49,49,50,49
msg_2777,node49,node33,229,54002,54003,,1.0,2,1.0,0.9996355685131195,,49,,1.0,0,0.9996355685131195,49,49,50,49
msg_2778,node49,node34,229,54002,54003,,1.0,2,1.0,0.9996355685131195,,49,,1.0,0,0.9996355685131195,49,49,50,49
msg_2779,node49,node35,229,54002,54003,,1.0,2,1.0,0.9996355685131195,,49,,1.0,0,0.9996355685131195,49,49,50,49
msg_2780,node49,node36,229,54002,54003,,1.0,2,1.0,0.9996355685131195,,49,,1.0,0,0.9996355685131195,49,49,50,49
msg_2781,node49,node37,229,54002,54003,,1.0,2,1.0,0.9996355685131195,,49,,1.0,0,0.9996355685131195,49,49,50,49
msg_2782,node49,node38,229,54002,54003,,1.0,2,1.0,0.9996355685131195,,49,,1.0,0,0.9996355685131195,49,49,50,49
msg_2783,node49,node39,229,54002,54003,,1.0,2,1.0,0.9996355685131195,,49,,1.0,0,0.9996355685131195,49,49,50,49
msg_2784,node49,node40,229,54002,54003,,1.0,2,1.0,0.9996355685131195,,49,,1.0,0,0.9996355685131195,49,49,50,49
msg_2785,node49,node41,229,54002,54003,,1.0,2,1.0,0.9996355685131195,,49,,1.0,0,0.9996355685131195,49,49,50,49
msg_2786,node49,node42,229,54002,54003,,1.0,2,1.0,0.9996355685131195,,49,,1.0,0,0.9996355685131195,49,49,50,49
msg_2787,node49,node43,229,54002,54003,,1.0,2,1.0,0.9996355685131195,,49,,1.0,0,0.9996355685131195,49,49,50,49
msg_2788,node49,node44,229,54002,54003,,1.0,2,1.0,0.9996355685131195,,49,,1.0,0,0.9996355685131195,49,49,50,49
msg_2789,node49,node45,229,54002,54003,,1.0,2,1.0,0.9996355685131195,,49,,1.0,0,0.9996355685131195,49,49,50,49
msg_2790,node49,node46,229,54002,54003,,1.0,2,1.0,0.9996355685131195,,49,,1.0,0,0.9996355685131195,49,49,50,49
msg_2791,node49,node47,229,54002,54003,,1.0,2,1.0,0.9996355685131195,,49,,1.0,0,0.9996355685131195,49,49,50,49
msg_2792,node49,node48,229,54002,54003,,1.0,2,1.0,0.9996355685131195,,49,,1.0,0,0.9996355685131195,49,49,50,49
msg_2793,node49,node0,228,54280,54281,,1.0,2,1.0,0.9996419620479771,,49,,0.9824561403508771,0,0.9996419620479771,49,49,50,49
msg_2794,node49,node1,228,54280,54281,,1.0,2,1.0,0.9996419620479771,,49,,1.0,0,0.9996419620479771,49,49,50,49
msg_2795,node49,node2,228,54280,54281,,1.0,2,1.0,0.9996419620479771,,49,,1.0,0,0.9996419620479771,49,49,50,49
msg_2796,node49,node3,228,54280,54281,,1.0,2,1.0,0.9996419620479771,,49,,1.0,0,0.9996419620479771,49,49,50,49
msg_2797,node49,node4,228,54280,54281,,1.0,2,1.0,0.9996419620479771,,49,,1.0,0,0.9996419620479771,49,49,50,49
msg_2798,node49,node5,228,54280,54281,,1.0,2,1.0,0.9996419620479771,,49,,1.0,0,0.9996419620479771,49,49,50,49
msg_2799,node49,node6,228,54280,54281,,1.0,2,1.0,0.9996419620479771,,49,,1.0,0,0.9996419620479771,49,49,50,49
msg_2800,node49,node7,228,54280,54281,,1.0,2,1.0,0.9996419620479771,,49,,1.0,0,0.9996419620479771,49,49,50,49
msg_2801,node49,node8,228,54280,54281,,1.0,2,1.0,0.9996419620479771,,49,,1.0,0,0.9996419620479771,49,49,50,49
msg_2802,node49,node9,228,54280,54281,,1.0,2,1.0,0.9996419620479771,,49,,1.0,0,0.9996419620479771,49,49,50,49
msg_2803,node49,node10,229,54280,54281,,1.0,2,1.0,0.9996419620479771,,49,,1.0,0,0.9996419620479771,49,49,50,49
msg_2804,node49,node11,229,54280,54281,,1.0,2,1.0,0.9996419620479771,,49,,1.0,0,0.9996419620479771,49,49,50,49
msg_2805,node49,node12,229,54280,54281,,1.0,2,1.0,0.9996419620479771,,49,,1.0,0,0.9996419620479771,49,49,50,49
msg_2806,node49,node13,229,54280,54281,,1.0,2,1.0,0.9996419620479771,,49,,1.0,0,0.9996419620479771,49,49,50,49
msg_2807,node49,node14,229,54280,54281,,1.0,2,1.0,0.9996419620479771,,49,,1.0,0,0.9996419620479771,49,49,50,49
msg_2808,node49,node15,229,54280,54281,,1.0,2,1.0,0.9996419620479771,,49,,1.0,0,0.9996419620479771,49,49,50,49
msg_2809,node49,node16,229,54280,54281,,1.0,2,1.0,0.9996419620479771,,49,,1.0,0,0.9996419620479771,49,49,50,49
msg_2810,node49,node17,229,54280,54281,,1.0,2,1.0,0.9996419620479771,,49,,1.0,0,0.9996419620479771,49,49,50,49
msg_2811,node49,node18,229,54280,54281,,1.0,2,1.0,0.9996419620479771,,49,,1.0,0,0.9996419620479771,49,49,50,49
msg_2812,node49,node19,229,54280,54281,,1.0,2,1.0,0.9996419620479771,,49,,1.0,0,0.9996419620479771,49,49,50,49
msg_2813,node49,node20,229,54280,54281,,1.0,2,1.0,0.9996419620479771,,49,,1.0,0,0.9996419620479771,49,49,50,49
msg_2814,node49,node21,229,54280,54281,,1.0,2,1.0,0.9996419620479771,,49,,1.0,0,0.9996419620479771,49,49,50,49
msg_2815,node49,node22,229,54280,54281,,1.0,2,1.0,0.9996419620479771,,49,,1.0,0,0.9996419620479771,49,49,50,49
msg_2816,node49,node23,229,54280,54281,,1.0,2,1.0,0.9996419620479771,,49,,1.0,0,0.9996419620479771,49,49,50,49
msg_2817,node49,node24,229,54280,54281,,1.0,2,1.0,0.9996419620479771,,49,,1.0,0,0.9996419620479771,49,49,50,49
msg_2818,node49,node25,229,54280,54281,,1.0,2,1.0,0.9996419620479771,,49,,1.0,0,0.9996419620479771,49,49,50,49
msg_2819,node49,node26,229,54280,54281,,1.0,2,1.0,0.9996419620479771,,49,,1.0,0,0.9996419620479771,49,49,50,49
msg_2820,node49,node27,229,54280,54281,,1.0,2,1.0,0.9996419620479771,,49,,1.0,0,0.9996419620479771,49,49,50,49
msg_2821,node49,node28,229,54280,54281,,1.0,2,1.0,0.9996419620479771,,49,,1.0,0,0.9996419620479771,49,49,50,49
msg_2822,node49,node29,229,54280,54281,,1.0,2,1.0,0.9996419620479771,,49,,1.0,0,0.9996419620479771,49,49,50,49
msg_2823,node49,node30,229,54280,54281,,1.0,2,1.0,0.9996419620479771,,49,,1.0,0,0.9996419620479771,49,49,50,49
msg_2824,node49,node31,229,54280,54281,,1.0,2,1.0,0.9996419620479771,,49,,1.0,0,0.9996419620479771,49,49,50,49
msg_2825,node49,node32,229,54280,54281,,1.0,2,1.0,0.9996419620479771,,49,,1.0,0,0.9996419620479771,49,49,50,49
msg_2826,node49,node33,229,54280,54281,,1.0,2,1.0,0.9996419620479771,,49,,1.0,0,0.9996419620479771,49,49,50,49
msg_2827,node49,node34,229,54280,54281,,1.0,2,1.0,0.9996419620479771,,49,,1.0,0,0.9996419620479771,49,49,50,49
msg_2828,node49,node35,229,54280,54281,,1.0,2,1.0,0.9996419620479771,,49,,1.0,0,0.9996419620479771,49,49,50,49
msg_2829,node49,node36,229,54280,54281,,1.0,2,1.0,0.9996419620479771,,49,,1.0,0,0.9996419620479771,49,49,50,49
msg_2830,node49,node37,229,54280,54281,,1.0,2,1.0,0.9996419620479771,,49,,1.0,0,0.9996419620479771,49,49,50,49
msg_2831,node49,node38,229,54280,54281,,1.0,2,1.0,0.9996419620479771,,49,,1.0,0,0.9996419620479771,49,49,50,49
msg_2832,node49,node39,229,54280,54281,,1.0,2,1.0,0.9996419620479771,,49,,1.0,0,0.9996419620479771,49,49,50,49
msg_2833,node49,node40,229,54280,54281,,1.0,2,1.0,0.9996419620479771,,49,,1.0,0,0.9996419620479771,49,49,50,49
msg_2834,node49,node41,229,54280,54281,,1.0,2,1.0,0.9996419620479771,,49,,1.0,0,0.9996419620479771,49,49,50,49
msg_2835,node49,node42,229,54280,54281,,1.0,2,1.0,0.9996419620479771,,49,,1.0,0,0.9996419620479771,49,49,50,49
msg_2836,node49,node43,229,54280,54281,,1.0,2,1.0,0.9996419620479771,,49,,1.0,0,0.9996419620479771,49,49,50,49
msg_2837,node49,node44,229,54280,54281,,1.0,2,1.0,0.9996419620479771,,49,,1.0,0,0.9996419620479771,49,49,50,49
msg_2838,node49,node45,229,54280,54281,,1.0,2,1.0,0.9996419620479771,,49,,1.0,0,0.9996419620479771,49,49,50,49
msg_2839,node49,node46,229,54280,54281,,1.0,2,1.0,0.9996419620479771,,49,,1.0,0,0.9996419620479771,49,49,50,49
msg_2840,node49,node47,229,54280,54281,,1.0,2,1.0,0.9996419620479771,,49,,1.0,0,0.9996419620479771,49,49,50,49
msg_2841,node49,node48,229,54280,54281,,1.0,2,1.0,0.9996419620479771,,49,,1.0,0,0.9996419620479771,49,49,50,49
msg_2842,node49,node0,228,55875,55876,,1.0,2,1.0,0.9996481351161154,,49,,0.9827586206896551,0,0.9996481351161154,49,49,50,49
msg_2843,node49,node1,228,55875,55876,,1.0,2,1.0,0.9996481351161154,,49,,1.0,0,0.9996481351161154,49,49,50,49
msg_2844,node49,node2,228,55875,55876,,1.0,2,1.0,0.9996481351161154,,49,,1.0,0,0.9996481351161154,49,49,50,49
msg_2845,node49,node3,228,55875,55876,,1.0,2,1.0,0.9996481351161154,,49,,1.0,0,0.9996481351161154,49,49,50,49
msg_2846,node49,node4,228,55875,55876,,1.0,2,1.0,0.9996481351161154,,49,,1.0,0,0.9996481351161154,49,49,50,49
msg_2847,node49,node5,228,55875,55876,,1.0,2,1.0,0.9996481351161154,,49,,1.0,0,0.9996481351161154,49,49,50,49
msg_2848,node49,node6,228,55875,55876,,1.0,2,1.0,0.9996481351161154,,49,,1.0,0,0.9996481351161154,49,49,50,49
msg_2849,node49,node7,228,55875,55876,,1.0,2,1.0,0.9996481351161154,,49,,1.0,0,0.9996481351161154,49,49,50,49
msg_2850,node49,node8,228,55875,55876,,1.0,2,1.0,0.9996481351161154,,49,,1.0,0,0.9996481351161154,49,49,50,49
msg_2851,node49,node9,228,55875,55876,,1.0,2,1.0,0.9996481351161154,,49,,1.0,0,0.9996481351161154,49,49,50,49
msg_2852,node49,node10,229,55875,55876,,1.0,2,1.0,0.9996481351161154,,49,,1.0,0,0.9996481351161154,49,49,50,49
msg_2853,node49,node11,229,55875,55876,,1.0,2,1.0,0.9996481351161154,,49,,1.0,0,0.9996481351161154,49,49,50,49
msg_2854,node49,node12,229,55875,55876,,1.0,2,1.0,0.9996481351161154,,49,,1.0,0,0.9996481351161154,49,49,50,49
msg_2855,node49,node13,229,55875,55876,,1.0,2,1.0,0.9996481351161154,,49,,1.0,0,0.9996481351161154,49,49,50,49
msg_2856,node49,node14,229,55875,55876,,1.0,2,1.0,0.9996481351161154,,49,,1.0,0,0.9996481351161154,49,49,50,49
msg_2857,node49,node15,229,55875,55876,,1.0,2,1.0,0.9996481351161154,,49,,1.0,0,0.9996481351161154,49,49,50,49
msg_2858,node49,node16,229,55875,55876,,1.0,2,1.0,0.9996481351161154,,49,,1.0,0,0.9996481351161154,49,49,50,49
msg_2859,node49,node17,229,55875,55876,,1.0,2,1.0,0.9996481351161154,,49,,1.0,0,0.9996481351161154,49,49,50,49
msg_2860,node49,node18,229,55875,55876,,1.0,2,1.0,0.9996481351161154,,49,,1.0,0,0.9996481351161154,49,49,50,49
msg_2861,node49,node19,229,55875,55876,,1.0,2,1.0,0.9996481351161154,,49,,1.0,0,0.9996481351161154,49,49,50,49
msg_2862,node49,node20,229,55875,55876,,1.0,2,1.0,0.9996481351161154,,49,,1.0,0,0.9996481351161154,49,49,50,49
msg_2863,node49,node21,229,55875,55876,,1.0,2,1.0,0.9996481351161154,,49,,1.0,0,0.9996481351161154,49,49,50,49
msg_2864,node49,node22,229,55875,55876,,1.0,2,1.0,0.9996481351161154,,49,,1.0,0,0.9996481351161154,49,49,50,49
msg_2865,node49,node23,229,55875,55876,,1.0,2,1.0,0.9996481351161154,,49,,1.0,0,0.9996481351161154,49,49,50,49
msg_2866,node49,node24,229,55875,55876,,1.0,2,1.0,0.9996481351161154,,49,,1.0,0,0.9996481351161154,49,49,50,49
msg_2867,node49,node25,229,55875,55876,,1.0,2,1.0,0.9996481351161154,,49,,1.0,0,0.9996481351161154,49,49,50,49
msg_2868,node49,node26,229,55875,55876,,1.0,2,1.0,0.9996481351161154,,49,,1.0,0,0.9996481351161154,49,49,50,49
msg_2869,node49,node27,229,55875,55876,,1.0,2,1.0,0.9996481351161154,,49,,1.0,0,0.9996481351161154,49,49,50,49
msg_2870,node49,node28,229,55875,55876,,1.0,2,1.0,0.9996481351161154,,49,,1.0,0,0.9996481351161154,49,49,50,49
msg_2871,node49,node29,229,55875,55876,,1.0,2,1.0,0.9996481351161154,,49,,1.0,0,0.9996481351161154,49,49,50,49
msg_2872,node49,node30,229,55875,55876,,1.0,2,1.0,0.9996481351161154,,49,,1.0,0,0.9996481351161154,49,49,50,49
msg_2873,node49,node31,229,55875,55876,,1.0,2,1.0,0.9996481351161154,,49,,1.0,0,0.9996481351161154,49,49,50,49
msg_2874,node49,node32,229,55875,55876,,1.0,2,1.0,0.9996481351161154,,49,,1.0,0,0.9996481351161154,49,49,50,49
msg_2875,node49,node33,229,55875,55876,,1.0,2,1.0,0.9996481351161154,,49,,1.0,0,0.9996481351161154,49,49,50,49
msg_2876,node49,node34,229,55875,55876,,1.0,2,1.0,0.9996481351161154,,49,,1.0,0,0.9996481351161154,49,49,50,49
msg_2877,node49,node35,229,55875,55876,,1.0,2,1.0,0.9996481351161154,,49,,1.0,0,0.9996481351161154,49,49,50,49
msg_2878,node49,node36,229,55875,55876,,1.0,2,1.0,0.9996481351161154,,49,,1.0,0,0.9996481351161154,49,49,50,49
msg_2879,node49,node37,229,55875,55876,,1.0,2,1.0,0.9996481351161154,,49,,1.0,0,0.9996481351161154,49,49,50,49
msg_2880,node49,node38,229,55875,55876,,1.0,2,1.0,0.9996481351161154,,49,,1.0,0,0.9996481351161154,49,49,50,49
msg_2881,node49,node39,229,55875,55876,,1.0,2,1.0,0.9996481351161154,,49,,1.0,0,0.9996481351161154,49,49,50,49
msg_2882,node49,node40,229,55875,55876,,1.0,2,1.0,0.9996481351161154,,49,,1.0,0,0.9996481351161154,49,49,50,49
msg_2883,node49,node41,229,55875,55876,,1.0,2,1.0,0.9996481351161154,,49,,1.0,0,0.9996481351161154,49,49,50,49
msg_2884,node49,node42,229,55875,55876,,1.0,2,1.0,0.9996481351161154,,49,,1.0,0,0.9996481351161154,49,49,50,49
msg_2885,node49,node43,229,55875,55876,,1.0,2,1.0,0.9996481351161154,,49,,1.0,0,0.9996481351161154,49,49,50,49
msg_2886,node49,node44,229,55875,55876,,1.0,2,1.0,0.9996481351161154,,49,,1.0,0,0.9996481351161154,49,49,50,49
msg_2887,node49,node45,229,55875,55876,,1.0,2,1.0,0.9996481351161154,,49,,1.0,0,0.9996481351161154,49,49,50,49
msg_2888,node49,node46,229,55875,55876,,1.0,2,1.0,0.9996481351161154,,49,,1.0,0,0.9996481351161154,49,49,50,49
msg_2889,node49,node47,229,55875,55876,,1.0,2,1.0,0.9996481351161154,,49,,1.0,0,0.9996481351161154,49,49,50,49
msg_2890,node49,node48,229,55875,55876,,1.0,2,1.0,0.9996481351161154,,49,,1.0,0,0.9996481351161154,49,49,50,49
msg_2891,node49,node0,228,56410,56411,,1.0,2,1.0,0.9996540989277066,,49,,0.9830508474576272,0,0.9996540989277066,49,49,50,49
msg_2892,node49,node1,228,56410,56411,,1.0,2,1.0,0.9996540989277066,,49,,1.0,0,0.9996540989277066,49,49,50,49
msg_2893,node49,node2,228,56410,56411,,1.0,2,1.0,0.9996540989277066,,49,,1.0,0,0.9996540989277066,49,49,50,49
msg_2894,node49,node3,228,56410,56411,,1.0,2,1.0,0.9996540989277066,,49,,1.0,0,0.9996540989277066,49,49,50,49
msg_2895,node49,node4,228,56410,56411,,1.0,2,1.0,0.9996540989277066,,49,,1.0,0,0.9996540989277066,49,49,50,49
msg_2896,node49,node5,228,56410,56411,,1.0,2,1.0,0.9996540989277066,,49,,1.0,0,0.9996540989277066,49,49,50,49
msg_2897,node49,node6,228,56410,56411,,1.0,2,1.0,0.9996540989277066,,49,,1.0,0,0.9996540989277066,49,49,50,49
msg_2898,node49,node7,228,56410,56411,,1.0,2,1.0,0.9996540989277066,,49,,1.0,0,0.9996540989277066,49,49,50,49
msg_2899,node49,node8,228,56410,56411,,1.0,2,1.0,0.9996540989277066,,49,,1.0,0,0.9996540989277066,49,49,50,49
msg_2900,node49,node9,228,56410,56411,,1.0,2,1.0,0.9996540989277066,,49,,1.0,0,0.9996540989277066,49,49,50,49
msg_2901,node49,node10,229,56410,56411,,1.0,2,1.0,0.9996540989277066,,49,,1.0,0,0.9996540989277066,49,49,50,49
msg_2902,node49,node11,229,56410,56411,,1.0,2,1.0,0.9996540989277066,,49,,1.0,0,0.9996540989277066,49,49,50,49
msg_2903,node49,node12,229,56410,56411,,1.0,2,1.0,0.9996540989277066,,49,,1.0,0,0.9996540989277066,49,49,50,49
msg_2904,node49,node13,229,56410,56411,,1.0,2,1.0,0.9996540989277066,,49,,1.0,0,0.9996540989277066,49,49,50,49
msg_2905,node49,node14,229,56410,56411,,1.0,2,1.0,0.9996540989277066,,49,,1.0,0,0.9996540989277066,49,49,50,49
msg_2906,node49,node15,229,56410,56411,,1.0,2,1.0,0.9996540989277066,,49,,1.0,0,0.9996540989277066,49,49,50,49
msg_2907,node49,node16,229,56410,56411,,1.0,2,1.0,0.9996540989277066,,49,,1.0,0,0.9996540989277066,49,49,50,49
msg_2908,node49,node17,229,56410,56411,,1.0,2,1.0,0.9996540989277066,,49,,1.0,0,0.9996540989277066,49,49,50,49
msg_2909,node49,node18,229,56410,56411,,1.0,2,1.0,0.9996540989277066,,49,,1.0,0,0.9996540989277066,49,49,50,49
msg_2910,node49,node19,229,56410,56411,,1.0,2,1.0,0.9996540989277066,,49,,1.0,0,0.9996540989277066,49,49,50,49
msg_2911,node49,node20,229,56410,56411,,1.0,2,1.0,0.9996540989277066,,49,,1.0,0,0.9996540989277066,49,49,50,49
msg_2912,node49,node21,229,56410,56411,,1.0,2,1.0,0.9996540989277066,,49,,1.0,0,0.9996540989277066,49,49,50,49
msg_2913,node49,node22,229,56410,56411,,1.0,2,1.0,0.9996540989277066,,49,,1.0,0,0.9996540989277066,49,49,50,49
msg_2914,node49,node23,229,56410,56411,,1.0,2,1.0,0.9996540989277066,,49,,1.0,0,0.9996540989277066,49,49,50,49
msg_2915,node49,node24,229,56410,56411,,1.0,2,1.0,0.9996540989277066,,49,,1.0,0,0.9996540989277066,49,49,50,49
msg_2916,node49,node25,229,56410,56411,,1.0,2,1.0,0.9996540989277066,,49,,1.0,0,0.9996540989277066,49,49,50,49
msg_2917,node49,node26,229,56410,56411,,1.0,2,1.0,0.9996540989277066,,49,,1.0,0,0.9996540989277066,49,49,50,49
msg_2918,node49,node27,229,56410,56411,,1.0,2,1.0,0.9996540989277066,,49,,1.0,0,0.9996540989277066,49,49,50,49
msg_2919,node49,node28,229,56410,56411,,1.0,2,1.0,0.9996540989277066,,49,,1.0,0,0.9996540989277066,49,49,50,49
msg_2920,node49,node29,229,56410,56411,,1.0,2,1.0,0.9996540989277066,,49,,1.0,0,0.9996540989277066,49,49,50,49
msg_2921,node49,node30,229,56410,56411,,1.0,2,1.0,0.9996540989277066,,49,,1.0,0,0.9996540989277066,49,49,50,49
msg_2922,node49,node31,229,56410,56411,,1.0,2,1.0,0.9996540989277066,,49,,1.0,0,0.9996540989277066,49,49,50,49
msg_2923,node49,node32,229,56410,56411,,1.0,2,1.0,0.9996540989277066,,49,,1.0,0,0.9996540989277066,49,49,50,49
msg_2924,node49,node33,229,56410,56411,,1.0,2,1.0,0.9996540989277066,,49,,1.0,0,0.9996540989277066,49,49,50,49
msg_2925,node49,node34,229,56410,56411,,1.0,2,1.0,0.9996540989277066,,49,,1.0,0,0.9996540989277066,49,49,50,49
msg_2926,node49,node35,229,56410,56411,,1.0,2,1.0,0.9996540989277066,,49,,1.0,0,0.9996540989277066,49,49,50,49
msg_2927,node49,node36,229,56410,56411,,1.0,2,1.0,0.9996540989277066,,49,,1.0,0,0.9996540989277066,49,49,50,49
msg_2928,node49,node37,229,56410,56411,,1.0,2,1.0,0.9996540989277066,,49,,1.0,0,0.9996540989277066,49,49,50,49
msg_2929,node49,node38,229,56410,56411,,1.0,2,1.0,0.9996540989277066,,49,,1.0,0,0.9996540989277066,49,49,50,49
msg_2930,node49,node39,229,56410,56411,,1.0,2,1.0,0.9996540989277066,,49,,1.0,0,0.9996540989277066,49,49,50,49
msg_2931,node49,node40,229,56410,56411,,1.0,2,1.0,0.9996540989277066,,49,,1.0,0,0.9996540989277066,49,49,50,49
msg_2932,node49,node41,229,56410,56411,,1.0,2,1.0,0.9996540989277066,,49,,1.0,0,0.9996540989277066,49,49,50,49
msg_2933,node49,node42,229,56410,56411,,1.0,2,1.0,0.9996540989277066,,49,,1.0,0,0.9996540989277066,49,49,50,49
msg_2934,node49,node43,229,56410,56411,,1.0,2,1.0,0.9996540989277066,,49,,1.0,0,0.9996540989277066,49,49,50,49
msg_2935,node49,node44,229,56410,56411,,1.0,2,1.0,0.9996540989277066,,49,,1.0,0,0.9996540989277066,49,49,50,49
msg_2936,node49,node45,229,56410,56411,,1.0,2,1.0,0.9996540989277066,,49,,1.0,0,0.9996540989277066,49,49,50,49
msg_2937,node49,node46,229,56410,56411,,1.0,2,1.0,0.9996540989277066,,49,,1.0,0,0.9996540989277066,49,49,50,49
msg_2938,node49,node47,229,56410,56411,,1.0,2,1.0,0.9996540989277066,,49,,1.0,0,0.9996540989277066,49,49,50,49
msg_2939,node49,node48,229,56410,56411,,1.0,2,1.0,0.9996540989277066,,49,,1.0,0,0.9996540989277066,49,49,50,49
msg_2940,node49,node0,228,56600,56601,,1.0,2,1.0,0.9996598639455783,,49,,0.9833333333333333,0,0.9996598639455783,49,49,50,49
msg_2941,node49,node1,228,56600,56601,,1.0,2,1.0,0.9996598639455783,,49,,1.0,0,0.9996598639455783,49,49,50,49
msg_2942,node49,node2,228,56600,56601,,1.0,2,1.0,0.9996598639455783,,49,,1.0,0,0.9996598639455783,49,49,50,49
msg_2943,node49,node3,228,56600,56601,,1.0,2,1.0,0.9996598639455783,,49,,1.0,0,0.9996598639455783,49,49,50,49
msg_2944,node49,node4,228,56600,56601,,1.0,2,1.0,0.9996598639455783,,49,,1.0,0,0.9996598639455783,49,49,50,49
msg_2945,node49,node5,228,56600,56601,,1.0,2,1.0,0.9996598639455783,,49,,1.0,0,0.9996598639455783,49,49,50,49
msg_2946,node49,node6,228,56600,56601,,1.0,2,1.0,0.9996598639455783,,49,,1.0,0,0.9996598639455783,49,49,50,49
msg_2947,node49,node7,228,56600,56601,,1.0,2,1.0,0.9996598639455783,,49,,1.0,0,0.9996598639455783,49,49,50,49
msg_2948,node49,node8,228,56600,56601,,1.0,2,1.0,0.9996598639455783,,49,,1.0,0,0.9996598639455783,49,49,50,49
msg_2949,node49,node9,228,56600,56601,,1.0,2,1.0,0.9996598639455783,,49,,1.0,0,0.9996598639455783,49,49,50,49
msg_2950,node49,node10,229,56600,56601,,1.0,2,1.0,0.9996598639455783,,49,,1.0,0,0.9996598639455783,49,49,50,49
msg_2951,node49,node11,229,56600,56601,,1.0,2,1.0,0.9996598639455783,,49,,1.0,0,0.9996598639455783,49,49,50,49
msg_2952,node49,node12,229,56600,56601,,1.0,2,1.0,0.9996598639455783,,49,,1.0,0,0.9996598639455783,49,49,50,49
msg_2953,node49,node13,229,56600,56601,,1.0,2,1.0,0.9996598639455783,,49,,1.0,0,0.9996598639455783,49,49,50,49
msg_2954,node49,node14,229,56600,56601,,1.0,2,1.0,0.9996598639455783,,49,,1.0,0,0.9996598639455783,49,49,50,49
msg_2955,node49,node15,229,56600,56601,,1.0,2,1.0,0.9996598639455783,,49,,1.0,0,0.9996598639455783,49,49,50,49
msg_2956,node49,node16,229,56600,56601,,1.0,2,1.0,0.9996598639455783,,49,,1.0,0,0.9996598639455783,49,49,50,49
msg_2957,node49,node17,229,56600,56601,,1.0,2,1.0,0.9996598639455783,,49,,1.0,0,0.9996598639455783,49,49,50,49
msg_2958,node49,node18,229,56600,56601,,1.0,2,1.0,0.9996598639455783,,49,,1.0,0,0.9996598639455783,49,49,50,49
msg_2959,node49,node19,229,56600,56601,,1.0,2,1.0,0.9996598639455783,,49,,1.0,0,0.9996598639455783,49,49,50,49
msg_2960,node49,node20,229,56600,56601,,1.0,2,1.0,0.9996598639455783,,49,,1.0,0,0.9996598639455783,49,49,50,49
msg_2961,node49,node21,229,56600,56601,,1.0,2,1.0,0.9996598639455783,,49,,1.0,0,0.9996598639455783,49,49,50,49
msg_2962,node49,node22,229,56600,56601,,1.0,2,1.0,0.9996598639455783,,49,,1.0,0,0.9996598639455783,49,49,50,49
msg_2963,node49,node23,229,56600,56601,,1.0,2,1.0,0.9996598639455783,,49,,1.0,0,0.9996598639455783,49,49,50,49
msg_2964,node49,node24,229,56600,56601,,1.0,2,1.0,0.9996598639455783,,49,,1.0,0,0.9996598639455783,49,49,50,49
msg_2965,node49,node25,229,56600,56601,,1.0,2,1.0,0.9996598639455783,,49,,1.0,0,0.9996598639455783,49,49,50,49
msg_2966,node49,node26,229,56600,56601,,1.0,2,1.0,0.9996598639455783,,49,,1.0,0,0.9996598639455783,49,49,50,49
msg_2967,node49,node27,229,56600,56601,,1.0,2,1.0,0.9996598639455783,,49,,1.0,0,0.9996598639455783,49,49,50,49
msg_2968,node49,node28,229,56600,56601,,1.0,2,1.0,0.9996598639455783,,49,,1.0,0,0.9996598639455783,49,49,50,49
msg_2969,node49,node29,229,56600,56601,,1.0,2,1.0,0.9996598639455783,,49,,1.0,0,0.9996598639455783,49,49,50,49
msg_2970,node49,node30,229,56600,56601,,1.0,2,1.0,0.9996598639455783,,49,,1.0,0,0.9996598639455783,49,49,50,49
msg_2971,node49,node31,229,56600,56601,,1.0,2,1.0,0.9996598639455783,,49,,1.0,0,0.9996598639455783,49,49,50,49
msg_2972,node49,node32,229,56600,56601,,1.0,2,1.0,0.9996598639455783,,49,,1.0,0,0.9996598639455783,49,49,50,49
msg_2973,node49,node33,229,56600,56601,,1.0,2,1.0,0.9996598639455783,,49,,1.0,0,0.9996598639455783,49,49,50,49
msg_2974,node49,node34,229,56600,56601,,1.0,2,1.0,0.9996598639455783,,49,,1.0,0,0.9996598639455783,49,49,50,49
msg_2975,node49,node35,229,56600,56601,,1.0,2,1.0,0.9996598639455783,,49,,1.0,0,0.9996598639455783,49,49,50,49
msg_2976,node49,node36,229,56600,56601,,1.0,2,1.0,0.9996598639455783,,49,,1.0,0,0.9996598639455783,49,49,50,49
msg_2977,node49,node37,229,56600,56601,,1.0,2,1.0,0.9996598639455783,,49,,1.0,0,0.9996598639455783,49,49,50,49
msg_2978,node49,node38,229,56600,56601,,1.0,2,1.0,0.9996598639455783,,49,,1.0,0,0.9996598639455783,49,49,50,49
msg_2979,node49,node39,229,56600,56601,,1.0,2,1.0,0.9996598639455783,,49,,1.0,0,0.9996598639455783,49,49,50,49
msg_2980,node49,node40,229,56600,56601,,1.0,2,1.0,0.9996598639455783,,49,,1.0,0,0.9996598639455783,49,49,50,49
msg_2981,node49,node41,229,56600,56601,,1.0,2,1.0,0.9996598639455783,,49,,1.0,0,0.9996598639455783,49,49,50,49
msg_2982,node49,node42,229,56600,56601,,1.0,2,1.0,0.9996598639455783,,49,,1.0,0,0.9996598639455783,49,49,50,49
msg_2983,node49,node43,229,56600,56601,,1.0,2,1.0,0.9996598639455783,,49,,1.0,0,0.9996598639455783,49,49,50,49
msg_2984,node49,node44,229,56600,56601,,1.0,2,1.0,0.9996598639455783,,49,,1.0,0,0.9996598639455783,49,49,50,49
msg_2985,node49,node45,229,56600,56601,,1.0,2,1.0,0.9996598639455783,,49,,1.0,0,0.9996598639455783,49,49,50,49
msg_2986,node49,node46,229,56600,56601,,1.0,2,1.0,0.9996598639455783,,49,,1.0,0,0.9996598639455783,49,49,50,49
msg_2987,node49,node47,229,56600,56601,,1.0,2,1.0,0.9996598639455783,,49,,1.0,0,0.9996598639455783,49,49,50,49
msg_2988,node49,node48,229,56600,56601,,1.0,2,1.0,0.9996598639455783,,49,,1.0,0,0.9996598639455783,49,49,50,49
msg_2989,node49,node0,228,57396,57397,,1.0,2,1.0,0.9996654399464704,,49,,0.9836065573770492,0,0.9996654399464704,49,49,50,49
msg_2990,node49,node1,228,57396,57397,,1.0,2,1.0,0.9996654399464704,,49,,1.0,0,0.9996654399464704,49,49,50,49
msg_2991,node49,node2,228,57396,57397,,1.0,2,1.0,0.9996654399464704,,49,,1.0,0,0.9996654399464704,49,49,50,49
msg_2992,node49,node3,228,57396,57397,,1.0,2,1.0,0.9996654399464704,,49,,1.0,0,0.9996654399464704,49,49,50,49
msg_2993,node49,node4,228,57396,57397,,1.0,2,1.0,0.9996654399464704,,49,,1.0,0,0.9996654399464704,49,49,50,49
msg_2994,node49,node5,228,57396,57397,,1.0,2,1.0,0.9996654399464704,,49,,1.0,0,0.9996654399464704,49,49,50,49
msg_2995,node49,node6,228,57396,57397,,1.0,2,1.0,0.9996654399464704,,49,,1.0,0,0.9996654399464704,49,49,50,49
msg_2996,node49,node7,228,57396,57397,,1.0,2,1.0,0.9996654399464704,,49,,1.0,0,0.9996654399464704,49,49,50,49
msg_2997,node49,node8,228,57396,57397,,1.0,2,1.0,0.9996654399464704,,49,,1.0,0,0.9996654399464704,49,49,50,49
msg_2998,node49,node9,228,57396,57397,,1.0,2,1.0,0.9996654399464704,,49,,1.0,0,0.9996654399464704,49,49,50,49
msg_2999,node49,node10,229,57396,57397,,1.0,2,1.0,0.9996654399464704,,49,,1.0,0,0.9996654399464704,49,49,50,49
msg_3000,node49,node11,229,57396,57397,,1.0,2,1.0,0.9996654399464704,,49,,1.0,0,0.9996654399464704,49,49,50,49
msg_3001,node49,node12,229,57396,57397,,1.0,2,1.0,0.9996654399464704,,49,,1.0,0,0.9996654399464704,49,49,50,49
msg_3002,node49,node13,229,57396,57397,,1.0,2,1.0,0.9996654399464704,,49,,1.0,0,0.9996654399464704,49,49,50,49
msg_3003,node49,node14,229,57396,57397,,1.0,2,1.0,0.9996654399464704,,49,,1.0,0,0.9996654399464704,49,49,50,49
msg_3004,node49,node15,229,57396,57397,,1.0,2,1.0,0.9996654399464704,,49,,1.0,0,0.9996654399464704,49,49,50,49
msg_3005,node49,node16,229,57396,57397,,1.0,2,1.0,0.9996654399464704,,49,,1.0,0,0.9996654399464704,49,49,50,49
msg_3006,node49,node17,229,57396,57397,,1.0,2,1.0,0.9996654399464704,,49,,1.0,0,0.9996654399464704,49,49,50,49
msg_3007,node49,node18,229,57396,57397,,1.0,2,1.0,0.9996654399464704,,49,,1.0,0,0.9996654399464704,49,49,50,49
msg_3008,node49,node19,229,57396,57397,,1.0,2,1.0,0.9996654399464704,,49,,1.0,0,0.9996654399464704,49,49,50,49
msg_3009,node49,node20,229,57396,57397,,1.0,2,1.0,0.9996654399464704,,49,,1.0,0,0.9996654399464704,49,49,50,49
msg_3010,node49,node21,229,57396,57397,,1.0,2,1.0,0.9996654399464704,,49,,1.0,0,0.9996654399464704,49,49,50,49
msg_3011,node49,node22,229,57396,57397,,1.0,2,1.0,0.9996654399464704,,49,,1.0,0,0.9996654399464704,49,49,50,49
msg_3012,node49,node23,229,57396,57397,,1.0,2,1.0,0.9996654399464704,,49,,1.0,0,0.9996654399464704,49,49,50,49
msg_3013,node49,node24,229,57396,57397,,1.0,2,1.0,0.9996654399464704,,49,,1.0,0,0.9996654399464704,49,49,50,49
msg_3014,node49,node25,229,57396,57397,,1.0,2,1.0,0.9996654399464704,,49,,1.0,0,0.9996654399464704,49,49,50,49
msg_3015,node49,node26,229,57396,57397,,1.0,2,1.0,0.9996654399464704,,49,,1.0,0,0.9996654399464704,49,49,50,49
msg_3016,node49,node27,229,57396,57397,,1.0,2,1.0,0.9996654399464704,,49,,1.0,0,0.9996654399464704,49,49,50,49
msg_3017,node49,node28,229,57396,57397,,1.0,2,1.0,0.9996654399464704,,49,,1.0,0,0.9996654399464704,49,49,50,49
msg_3018,node49,node29,229,57396,57397,,1.0,2,1.0,0.9996654399464704,,49,,1.0,0,0.9996654399464704,49,49,50,49
msg_3019,node49,node30,229,57396,57397,,1.0,2,1.0,0.9996654399464704,,49,,1.0,0,0.9996654399464704,49,49,50,49
msg_3020,node49,node31,229,57396,57397,,1.0,2,1.0,0.9996654399464704,,49,,1.0,0,0.9996654399464704,49,49,50,49
msg_3021,node49,node32,229,57396,57397,,1.0,2,1.0,0.9996654399464704,,49,,1.0,0,0.9996654399464704,49,49,50,49
msg_3022,node49,node33,229,57396,57397,,1.0,2,1.0,0.9996654399464704,,49,,1.0,0,0.9996654399464704,49,49,50,49
msg_3023,node49,node34,229,57396,57397,,1.0,2,1.0,0.9996654399464704,,49,,1.0,0,0.9996654399464704,49,49,50,49
msg_3024,node49,node35,229,57396,57397,,1.0,2,1.0,0.9996654399464704,,49,,1.0,0,0.9996654399464704,49,49,50,49
msg_3025,node49,node36,229,57396,57397,,1.0,2,1.0,0.9996654399464704,,49,,1.0,0,0.9996654399464704,49,49,50,49
msg_3026,node49,node37,229,57396,57397,,1.0,2,1.0,0.9996654399464704,,49,,1.0,0,0.9996654399464704,49,49,50,49
msg_3027,node49,node38,229,57396,57397,,1.0,2,1.0,0.9996654399464704,,49,,1.0,0,0.9996654399464704,49,49,50,49
msg_3028,node49,node39,229,57396,57397,,1.0,2,1.0,0.9996654399464704,,49,,1.0,0,0.9996654399464704,49,49,50,49
msg_3029,node49,node40,229,57396,57397,,1.0,2,1.0,0.9996654399464704,,49,,1.0,0,0.9996654399464704,49,49,50,49
msg_3030,node49,node41,229,57396,57397,,1.0,2,1.0,0.9996654399464704,,49,,1.0,0,0.9996654399464704,49,49,50,49
msg_3031,node49,node42,229,57396,57397,,1.0,2,1.0,0.9996654399464704,,49,,1.0,0,0.9996654399464704,49,49,50,49
msg_3032,node49,node43,229,57396,57397,,1.0,2,1.0,0.9996654399464704,,49,,1.0,0,0.9996654399464704,49,49,50,49
msg_3033,node49,node44,229,57396,57397,,1.0,2,1.0,0.9996654399464704,,49,,1.0,0,0.9996654399464704,49,49,50,49
msg_3034,node49,node45,229,57396,57397,,1.0,2,1.0,0.9996654399464704,,49,,1.0,0,0.9996654399464704,49,49,50,49
msg_3035,node49,node46,229,57396,57397,,1.0,2,1.0,0.9996654399464704,,49,,1.0,0,0.9996654399464704,49,49,50,49
msg_3036,node49,node47,229,57396,57397,,1.0,2,1.0,0.9996654399464704,,49,,1.0,0,0.9996654399464704,49,49,50,49
msg_3037,node49,node48,229,57396,57397,,1.0,2,1.0,0.9996654399464704,,49,,1.0,0,0.9996654399464704,49,49,50,49
msg_3038,node49,node0,228,58610,58611,,1.0,2,1.0,0.999670836076366,,49,,0.9838709677419355,0,0.999670836076366,49,49,50,49
msg_3039,node49,node1,228,58610,58611,,1.0,2,1.0,0.999670836076366,,49,,1.0,0,0.999670836076366,49,49,50,49
msg_3040,node49,node2,228,58610,58611,,1.0,2,1.0,0.999670836076366,,49,,1.0,0,0.999670836076366,49,49,50,49
msg_3041,node49,node3,228,58610,58611,,1.0,2,1.0,0.999670836076366,,49,,1.0,0,0.999670836076366,49,49,50,49
msg_3042,node49,node4,228,58610,58611,,1.0,2,1.0,0.999670836076366,,49,,1.0,0,0.999670836076366,49,49,50,49
msg_3043,node49,node5,228,58610,58611,,1.0,2,1.0,0.999670836076366,,49,,1.0,0,0.999670836076366,49,49,50,49
msg_3044,node49,node6,228,58610,58611,,1.0,2,1.0,0.999670836076366,,49,,1.0,0,0.999670836076366,49,49,50,49
msg_3045,node49,node7,228,58610,58611,,1.0,2,1.0,0.999670836076366,,49,,1.0,0,0.999670836076366,49,49,50,49
msg_3046,node49,node8,228,58610,58611,,1.0,2,1.0,0.999670836076366,,49,,1.0,0,0.999670836076366,49,49,50,49
msg_3047,node49,node9,228,58610,58611,,1.0,2,1.0,0.999670836076366,,49,,1.0,0,0.999670836076366,49,49,50,49
msg_3048,node49,node10,229,58610,58611,,1.0,2,1.0,0.999670836076366,,49,,1.0,0,0.999670836076366,49,49,50,49
msg_3049,node49,node11,229,58610,58611,,1.0,2,1.0,0.999670836076366,,49,,1.0,0,0.999670836076366,49,49,50,49
msg_3050,node49,node12,229,58610,58611,,1.0,2,1.0,0.999670836076366,,49,,1.0,0,0.999670836076366,49,49,50,49
msg_3051,node49,node13,229,58610,58611,,1.0,2,1.0,0.999670836076366,,49,,1.0,0,0.999670836076366,49,49,50,49
msg_3052,node49,node14,229,58610,58611,,1.0,2,1.0,0.999670836076366,,49,,1.0,0,0.999670836076366,49,49,50,49
msg_3053,node49,node15,229,58610,58611,,1.0,2,1.0,0.999670836076366,,49,,1.0,0,0.999670836076366,49,49,50,49
msg_3054,node49,node16,229,58610,58611,,1.0,2,1.0,0.999670836076366,,49,,1.0,0,0.999670836076366,49,49,50,49
msg_3055,node49,node17,229,58610,58611,,1.0,2,1.0,0.999670836076366,,49,,1.0,0,0.999670836076366,49,49,50,49
msg_3056,node49,node18,229,58610,58611,,1.0,2,1.0,0.999670836076366,,49,,1.0,0,0.999670836076366,49,49,50,49
msg_3057,node49,node19,229,58610,58611,,1.0,2,1.0,0.999670836076366,,49,,1.0,0,0.999670836076366,49,49,50,49
msg_3058,node49,node20,229,58610,58611,,1.0,2,1.0,0.999670836076366,,49,,1.0,0,0.999670836076366,49,49,50,49
msg_3059,node49,node21,229,58610,58611,,1.0,2,1.0,0.999670836076366,,49,,1.0,0,0.999670836076366,49,49,50,49
msg_3060,node49,node22,229,58610,58611,,1.0,2,1.0,0.999670836076366,,49,,1.0,0,0.999670836076366,49,49,50,49
msg_3061,node49,node23,229,58610,58611,,1.0,2,1.0,0.999670836076366,,49,,1.0,0,0.999670836076366,49,49,50,49
msg_3062,node49,node24,229,58610,58611,,1.0,2,1.0,0.999670836076366,,49,,1.0,0,0.999670836076366,49,49,50,49
msg_3063,node49,node25,229,58610,58611,,1.0,2,1.0,0.999670836076366,,49,,1.0,0,0.999670836076366,49,49,50,49
msg_3064,node49,node26,229,58610,58611,,1.0,2,1.0,0.999670836076366,,49,,1.0,0,0.999670836076366,49,49,50,49
msg_3065,node49,node27,229,58610,58611,,1.0,2,1.0,0.999670836076366,,49,,1.0,0,0.999670836076366,49,49,50,49
msg_3066,node49,node28,229,58610,58611,,1.0,2,1.0,0.999670836076366,,49,,1.0,0,0.999670836076366,49,49,50,49
msg_3067,node49,node29,229,58610,58611,,1.0,2,1.0,0.999670836076366,,49,,1.0,0,0.999670836076366,49,49,50,49
msg_3068,node49,node30,229,58610,58611,,1.0,2,1.0,0.999670836076366,,49,,1.0,0,0.999670836076366,49,49,50,49
msg_3069,node49,node31,229,58610,58611,,1.0,2,1.0,0.999670836076366,,49,,1.0,0,0.999670836076366,49,49,50,49
msg_3070,node49,node32,229,58610,58611,,1.0,2,1.0,0.999670836076366,,49,,1.0,0,0.999670836076366,49,49,50,49
msg_3071,node49,node33,229,58610,58611,,1.0,2,1.0,0.999670836076366,,49,,1.0,0,0.999670836076366,49,49,50,49
msg_3072,node49,node34,229,58610,58611,,1.0,2,1.0,0.999670836076366,,49,,1.0,0,0.999670836076366,49,49,50,49
msg_3073,node49,node35,229,58610,58611,,1.0,2,1.0,0.999670836076366,,49,,1.0,0,0.999670836076366,49,49,50,49
msg_3074,node49,node36,229,58610,58611,,1.0,2,1.0,0.999670836076366,,49,,1.0,0,0.999670836076366,49,49,50,49
msg_3075,node49,node37,229,58610,58611,,1.0,2,1.0,0.999670836076366,,49,,1.0,0,0.999670836076366,49,49,50,49
msg_3076,node49,node38,229,58610,58611,,1.0,2,1.0,0.999670836076366,,49,,1.0,0,0.999670836076366,49,49,50,49
msg_3077,node49,node39,229,58610,58611,,1.0,2,1.0,0.999670836076366,,49,,1.0,0,0.999670836076366,49,49,50,49
msg_3078,node49,node40,229,58610,58611,,1.0,2,1.0,0.999670836076366,,49,,1.0,0,0.999670836076366,49,49,50,49
msg_3079,node49,node41,229,58610,58611,,1.0,2,1.0,0.999670836076366,,49,,1.0,0,0.999670836076366,49,49,50,49
msg_3080,node49,node42,229,58610,58611,,1.0,2,1.0,0.999670836076366,,49,,1.0,0,0.999670836076366,49,49,50,49
msg_3081,node49,node43,229,58610,58611,,1.0,2,1.0,0.999670836076366,,49,,1.0,0,0.999670836076366,49,49,50,49
msg_3082,node49,node44,229,58610,58611,,1.0,2,1.0,0.999670836076366,,49,,1.0,0,0.999670836076366,49,49,50,49
msg_3083,node49,node45,229,58610,58611,,1.0,2,1.0,0.999670836076366,,49,,1.0,0,0.999670836076366,49,49,50,49
msg_3084,node49,node46,229,58610,58611,,1.0,2,1.0,0.999670836076366,,49,,1.0,0,0.999670836076366,49,49,50,49
msg_3085,node49,node47,229,58610,58611,,1.0,2,1.0,0.999670836076366,,49,,1.0,0,0.999670836076366,49,49,50,49
msg_3086,node49,node48,229,58610,58611,,1.0,2,1.0,0.999670836076366,,49,,1.0,0,0.999670836076366,49,49,50,49
msg_3087,node49,node0,228,59734,59735,,1.0,2,1.0,0.9996760609005507,,49,,0.9841269841269841,0,0.9996760609005507,49,49,50,49
msg_3088,node49,node1,228,59734,59735,,1.0,2,1.0,0.9996760609005507,,49,,1.0,0,0.9996760609005507,49,49,50,49
msg_3089,node49,node2,228,59734,59735,,1.0,2,1.0,0.9996760609005507,,49,,1.0,0,0.9996760609005507,49,49,50,49
msg_3090,node49,node3,228,59734,59735,,1.0,2,1.0,0.9996760609005507,,49,,1.0,0,0.9996760609005507,49,49,50,49
msg_3091,node49,node4,228,59734,59735,,1.0,2,1.0,0.9996760609005507,,49,,1.0,0,0.9996760609005507,49,49,50,49
msg_3092,node49,node5,228,59734,59735,,1.0,2,1.0,0.9996760609005507,,49,,1.0,0,0.9996760609005507,49,49,50,49
msg_3093,node49,node6,228,59734,59735,,1.0,2,1.0,0.9996760609005507,,49,,1.0,0,0.9996760609005507,49,49,50,49
msg_3094,node49,node7,228,59734,59735,,1.0,2,1.0,0.9996760609005507,,49,,1.0,0,0.9996760609005507,49,49,50,49
msg_3095,node49,node8,228,59734,59735,,1.0,2,1.0,0.9996760609005507,,49,,1.0,0,0.9996760609005507,49,49,50,49
msg_3096,node49,node9,228,59734,59735,,1.0,2,1.0,0.9996760609005507,,49,,1.0,0,0.9996760609005507,49,49,50,49
msg_3097,node49,node10,229,59734,59735,,1.0,2,1.0,0.9996760609005507,,49,,1.0,0,0.9996760609005507,49,49,50,49
msg_3098,node49,node11,229,59734,59735,,1.0,2,1.0,0.9996760609005507,,49,,1.0,0,0.9996760609005507,49,49,50,49
msg_3099,node49,node12,229,59734,59735,,1.0,2,1.0,0.9996760609005507,,49,,1.0,0,0.9996760609005507,49,49,50,49
msg_3100,node49,node13,229,59734,59735,,1.0,2,1.0,0.9996760609005507,,49,,1.0,0,0.9996760609005507,49,49,50,49
msg_3101,node49,node14,229,59734,59735,,1.0,2,1.0,0.9996760609005507,,49,,1.0,0,0.9996760609005507,49,49,50,49
msg_3102,node49,node15,229,59734,59735,,1.0,2,1.0,0.9996760609005507,,49,,1.0,0,0.9996760609005507,49,49,50,49
msg_3103,node49,node16,229,59734,59735,,1.0,2,1.0,0.9996760609005507,,49,,1.0,0,0.9996760609005507,49,49,50,49
msg_3104,node49,node17,229,59734,59735,,1.0,2,1.0,0.9996760609005507,,49,,1.0,0,0.9996760609005507,49,49,50,49
msg_3105,node49,node18,229,59734,59735,,1.0,2,1.0,0.9996760609005507,,49,,1.0,0,0.9996760609005507,49,49,50,49
msg_3106,node49,node19,229,59734,59735,,1.0,2,1.0,0.9996760609005507,,49,,1.0,0,0.9996760609005507,49,49,50,49
msg_3107,node49,node20,229,59734,59735,,1.0,2,1.0,0.9996760609005507,,49,,1.0,0,0.9996760609005507,49,49,50,49
msg_3108,node49,node21,229,59734,59735,,1.0,2,1.0,0.9996760609005507,,49,,1.0,0,0.9996760609005507,49,49,50,49
msg_3109,node49,node22,229,59734,59735,,1.0,2,1.0,0.9996760609005507,,49,,1.0,0,0.9996760609005507,49,49,50,49
msg_3110,node49,node23,229,59734,59735,,1.0,2,1.0,0.9996760609005507,,49,,1.0,0,0.9996760609005507,49,49,50,49
msg_3111,node49,node24,229,59734,59735,,1.0,2,1.0,0.9996760609005507,,49,,1.0,0,0.9996760609005507,49,49,50,49
msg_3112,node49,node25,229,59734,59735,,1.0,2,1.0,0.9996760609005507,,49,,1.0,0,0.9996760609005507,49,49,50,49
msg_3113,node49,node26,229,59734,59735,,1.0,2,1.0,0.9996760609005507,,49,,1.0,0,0.9996760609005507,49,49,50,49
msg_3114,node49,node27,229,59734,59735,,1.0,2,1.0,0.9996760609005507,,49,,1.0,0,0.9996760609005507,49,49,50,49
msg_3115,node49,node28,229,59734,59735,,1.0,2,1.0,0.9996760609005507,,49,,1.0,0,0.9996760609005507,49,49,50,49
msg_3116,node49,node29,229,59734,59735,,1.0,2,1.0,0.9996760609005507,,49,,1.0,0,0.9996760609005507,49,49,50,49
msg_3117,node49,node30,229,59734,59735,,1.0,2,1.0,0.9996760609005507,,49,,1.0,0,0.9996760609005507,49,49,50,49
msg_3118,node49,node31,229,59734,59735,,1.0,2,1.0,0.9996760609005507,,49,,1.0,0,0.9996760609005507,49,49,50,49
msg_3119,node49,node32,229,59734,59735,,1.0,2,1.0,0.9996760609005507,,49,,1.0,0,0.9996760609005507,49,49,50,49
msg_3120,node49,node33,229,59734,59735,,1.0,2,1.0,0.9996760609005507,,49,,1.0,0,0.9996760609005507,49,49,50,49
msg_3121,node49,node34,229,59734,59735,,1.0,2,1.0,0.9996760609005507,,49,,1.0,0,0.9996760609005507,49,49,50,49
msg_3122,node49,node35,229,59734,59735,,1.0,2,1.0,0.9996760609005507,,49,,1.0,0,0.9996760609005507,49,49,50,49
msg_3123,node49,node36,229,59734,59735,,1.0,2,1.0,0.9996760609005507,,49,,1.0,0,0.9996760609005507,49,49,50,49
msg_3124,node49,node37,229,59734,59735,,1.0,2,1.0,0.9996760609005507,,49,,1.0,0,0.9996760609005507,49,49,50,49
msg_3125,node49,node38,229,59734,59735,,1.0,2,1.0,0.9996760609005507,,49,,1.0,0,0.9996760609005507,49,49,50,49
msg_3126,node49,node39,229,59734,59735,,1.0,2,1.0,0.9996760609005507,,49,,1.0,0,0.9996760609005507,49,49,50,49
msg_3127,node49,node40,229,59734,59735,,1.0,2,1.0,0.9996760609005507,,49,,1.0,0,0.9996760609005507,49,49,50,49
msg_3128,node49,node41,229,59734,59735,,1.0,2,1.0,0.9996760609005507,,49,,1.0,0,0.9996760609005507,49,49,50,49
msg_3129,node49,node42,229,59734,59735,,1.0,2,1.0,0.9996760609005507,,49,,1.0,0,0.9996760609005507,49,49,50,49
msg_3130,node49,node43,229,59734,59735,,1.0,2,1.0,0.9996760609005507,,49,,1.0,0,0.9996760609005507,49,49,50,49
msg_3131,node49,node44,229,59734,59735,,1.0,2,1.0,0.9996760609005507,,49,,1.0,0,0.9996760609005507,49,49,50,49
msg_3132,node49,node45,229,59734,59735,,1.0,2,1.0,0.9996760609005507,,49,,1.0,0,0.9996760609005507,49,49,50,49
msg_3133,node49,node46,229,59734,59735,,1.0,2,1.0,0.9996760609005507,,49,,1.0,0,0.9996760609005507,49,49,50,49
msg_3134,node49,node47,229,59734,59735,,1.0,2,1.0,0.9996760609005507,,49,,1.0,0,0.9996760609005507,49,49,50,49
msg_3135,node49,node48,229,59734,59735,,1.0,2,1.0,0.9996760609005507,,49,,1.0,0,0.9996760609005507,49,49,50,49
